0	0	0.0499838	0.0999676	0.149951	0.199935	0.249919	0.299903	0.349887	0.399871	0.449854	0.499838	0.549822	0.599806	0.64979	0.699773	0.749757	0.799741	0.849725	0.899709	0.949692	0.999676	1.04966	1.09964	1.14963	1.19961	1.2496	1.29958	1.34956	1.39955	1.44953	1.49951	1.5495	1.59948	1.64947	1.69945	1.74943	1.79942	1.8494	1.89938	1.94937	1.99935	2.04934	2.09932	2.1493	2.19929	2.24927	2.29926	2.34924	2.39922	2.44921	2.49919	2.54917	2.59916	2.64914	
-4.009	0	12.6488	25.2976	18.0697	11.2434	22.9978	13.6218	19.3948	14.1369	10.6516	19.2744	17.5983	13.6607	8.43253	7.41481	7.34446	8.04923	6.86649	1.7093	0	0	0	0	0	0	0	0	0	0.221909	10.2906	23.8461	29.1123	33.8599	24.7312	30.0638	33.6707	31.8819	28.8393	28.2544	38.7469	36.0725	29.2599	31.994	32.1309	36.9515	36.1394	31.146	30.3571	27.9056	32.8358	33.0622	33.0342	34.4529	31.2083	
-3.95889	0	16.8651	10.119	28.9115	14.0542	14.9486	22.3786	24.4543	22.3214	12.6488	13.8534	13.7487	14.6726	7.96405	6.10632	11.0167	8.81583	4.69812	1.02558	0	0	0	0	0	0	0	0	0	0	7.71792	24.0534	25.2976	33.0815	32.8491	30.7971	34.9178	30.3225	33.5615	33.3468	32.9829	32.0124	29.7171	30.5059	30.0954	35.9566	36.4174	32.098	33.8189	36.9032	27.2141	33.9389	30.8237	33.6096	34.8729	
-3.90877	0	8.43253	10.119	12.6488	25.2976	19.5481	20.4327	21.9246	17.8571	24.6319	18.0697	9.34911	11.1309	12.1803	8.28715	8.97656	10.7323	5.42091	1.02558	0	0	0	0	0	0	0	0	0	0	12.22	29.8594	29.3131	29.7733	33.9818	32.6302	30.6421	29.4561	33.2242	38.4392	32.8228	32.9493	28.3455	31.2499	38.3826	33.6827	30.9965	33.8661	32.6206	34.8168	31.9414	35.066	34.8763	33.1278	33.6908	
-3.85866	37.9464	16.8651	17.7083	27.1046	19.6759	12.6488	20.4327	23.6111	16.369	15.3117	14.4558	13.7487	14.6726	7.49558	7.85098	9.38459	6.51605	4.69812	2.39302	0	0	0	0	0	0	0	0	0	0.221909	11.1481	26.7491	25.4984	26.6598	29.0733	28.7806	30.2858	34.1344	40.6448	41.5603	37.1458	32.4808	30.6315	36.9047	37.5102	36.0988	29.4675	29.3779	33.02	32.7304	37.8186	36.3184	38.806	37.585	33.809	
-3.80855	12.6488	25.2976	7.58928	23.4906	22.4867	10.349	10.7028	16.8651	24.5535	12.6488	15.6604	14.2986	8.09523	8.43253	9.15948	6.93644	5.36616	3.97533	3.07673	0	0	0	0	0	0	0	0	0	0	12.8632	24.0534	26.703	30.7463	25.6752	30.2471	27.9699	32.7483	38.4523	35.6466	30.4211	33.1055	28.3455	29.3154	32.4216	29.9876	27.6606	32.234	30.6234	36.3816	30.9193	34.6903	32.2974	29.2729	34.5183	
-3.75844	12.6488	25.2976	25.2976	36.1394	25.2976	18.3982	23.3516	10.9623	15.625	16.6432	13.2511	13.1987	13.1547	9.36948	8.72331	8.16051	8.04923	3.61394	1.02558	0	0	0	0	0	0	0	0	0	0	8.36108	26.9564	31.3208	30.1625	29.8285	29.6972	31.8892	30.669	34.0674	35.9751	31.2217	29.0454	27.1264	31.8452	35.6202	30.8403	31.9695	25.8416	30.8897	32.9912	33.9856	32.1856	31.8062	33.3687	30.7355	
-3.70832	0	29.5139	32.8869	21.6837	18.2705	19.5481	20.4327	11.8055	22.3214	17.3089	21.0813	14.2986	12.1428	10.7749	10.9041	8.16051	8.81583	5.42091	1.02558	0	0	0	0	0	0	0	0	0	0	10.0762	30.8962	35.3363	30.5517	31.3388	29.5138	28.8606	33.7879	33.8988	31.7041	34.9043	31.0754	31.3934	26.7857	35.184	32.5457	30.8575	30.0579	28.6262	31.8176	30.7915	33.8136	35.2447	33.1278	29.7897	
-3.65821	12.6488	21.0813	7.58928	23.4906	23.8922	11.4989	21.4057	10.9623	20.0893	17.9746	16.8651	18.6982	16.6964	11.7118	11.3403	8.97656	8.04923	6.50509	1.7093	0	0	0	0	0	0	0	0	0	0	11.1481	32.5551	30.5177	33.2761	36.0585	32.9968	37.0556	30.8423	32.3809	32.6897	33.143	29.67	31.3934	28.869	33.4394	32.6879	31.5525	32.098	33.2863	32.9912	31.4303	30.4323	29.1045	32.2845	31.6812	
-3.6081	12.6488	16.8651	17.7083	12.6488	19.6759	20.698	18.4867	15.1786	14.1369	19.9718	17.4674	13.1987	16.1905	14.0542	12.6488	10.6087	7.66594	5.7823	2.05116	0	0	0	0	0	0	0	0	0	0.443817	10.9337	32.1404	34.5332	33.0815	34.3594	35.38	33.3144	32.9215	29.0079	30.2257	35.2245	32.7932	36.2701	36.6071	34.7479	36.0988	33.9155	31.146	30.7565	31.1656	29.0028	33.3127	31.1922	33.1278	30.2626	
-3.55799	0	8.43253	7.58928	18.0697	21.0813	22.9978	22.3786	17.7083	11.1607	21.969	15.6604	13.1987	15.1786	11.7118	12.6488	12.6488	4.98286	6.86649	2.73488	0	0	0	0	0	0	0	0	0	0.221909	12.6488	28.8227	28.7108	34.0545	35.4921	32.9968	35.6304	34.1344	31.875	35.3181	29.3004	28.5769	35.3557	34.6726	35.6202	32.9721	32.8035	31.69	30.0908	32.3392	36.0299	33.0622	31.0694	34.4529	35.464	
-3.50787	12.6488	8.43253	37.9464	25.2976	18.2705	18.3982	17.5137	23.6111	16.369	16.6432	18.0697	12.0988	11.6369	15.4596	13.085	9.38459	8.43253	5.05952	1.36744	0	0	0	0	0	0	0	0	0	0	8.78985	24.0534	29.3131	32.3031	34.5482	34.4634	34.7396	36.9068	36.0912	32.5255	34.7441	28.8892	31.3934	33.4821	34.6025	33.1142	35.0274	35.2262	32.6206	31.948	33.219	29.9313	32.543	33.4892	34.9911	
-3.45776	37.9464	16.8651	17.7083	9.03485	29.5139	21.8479	25.2976	18.5516	17.1131	17.3089	15.0581	14.2986	13.6607	15.9281	11.3403	10.6087	11.4989	4.33673	3.41859	0	0	0	0	0	0	0	0	0	0	10.9337	20.9431	32.927	30.5517	30.3949	33.3635	27.9699	28.2432	31.875	40.4104	32.1824	30.9193	33.9842	32.5892	28.6415	31.1245	31.8305	32.5061	33.6857	34.556	33.3468	34.1894	38.192	30.3571	31.9176	
-3.40765	37.9464	33.7301	30.3571	28.9115	12.6488	20.698	12.6488	21.0813	23.8095	17.3089	19.2744	13.1987	16.1905	9.36948	12.2126	12.2408	8.81583	9.39625	2.39302	0	0	0	0	0	0	0	0	0	0.221909	10.0762	25.7123	32.927	27.8274	32.2827	28.414	29.5732	30.669	30.3571	32.3612	34.1037	32.1685	33.3746	32.1428	31.1132	33.2563	30.5795	32.098	33.5526	33.5128	36.1577	35.5669	36.1043	32.5254	31.7994	
-3.35754	25.2976	46.3789	45.5357	27.1046	25.2976	18.3982	18.4867	16.8651	14.8809	21.3032	21.6837	18.1483	14.1667	11.7118	11.7765	7.75249	9.96572	9.75764	2.05116	0	0	0	0	0	0	0	0	0	0	10.5049	25.0902	25.0968	27.8274	25.864	30.9804	27.7917	30.1492	33.2242	34.661	37.466	36.8533	32.4602	28.7202	35.6202	35.1039	33.0815	31.146	33.6857	32.9912	33.7301	31.3089	31.929	31.8027	32.5087	
-3.30742	50.5952	50.5952	30.3571	23.4906	21.0813	29.8972	19.4597	30.3571	19.3452	28.6262	18.0697	19.7981	15.1786	15.4596	10.468	9.38459	12.6488	6.50509	1.36744	0	0	0	0	0	0	0	0	0	0	10.5049	25.5049	26.3015	25.6868	28.6958	28.7806	28.6825	32.9215	35.5853	29.5686	30.5813	31.3877	31.6982	33.0356	32.4216	32.83	31.8305	35.4982	29.4251	31.948	29.8971	32.6865	32.1746	35.0552	31.3265	
-3.25731	12.6488	12.6488	27.8273	23.4906	14.0542	19.5481	17.5137	19.3948	23.8095	15.3117	21.6837	17.5983	20.744	17.3335	10.0318	13.8729	10.349	7.22788	0.683719	0	0	0	0	0	0	0	0	0	0	7.28914	25.0902	28.7108	29.9679	25.864	24.0144	27.7917	30.3225	29.5139	38.2749	35.0644	34.3547	29.1075	28.1249	31.9855	33.5406	31.9695	29.2418	33.4194	33.3824	32.4525	32.937	32.0518	31.4413	31.0901	
-3.2072	0	4.21627	20.2381	12.6488	30.9193	22.9978	28.2165	21.0813	29.0178	28.6262	22.286	19.2482	18.7202	17.3335	12.6488	11.4247	7.66594	9.03485	1.36744	0	0	0	0	0	0	0	0	0	0	8.36108	27.7859	28.1084	26.076	26.4303	24.1977	21.9127	26.5105	28.6706	34.8253	37.9464	31.7001	29.7171	31.994	30.5316	29.5612	32.3865	33.8661	33.2863	29.7312	35.5188	32.4361	31.5606	32.0436	30.6172	
-3.15709	37.9464	33.7301	30.3571	19.8767	25.2976	20.698	19.4597	21.9246	20.0893	21.969	16.8651	18.6982	15.1786	12.6488	14.8296	11.8327	9.96572	8.67346	2.05116	0	0	0	0	0	0	0	0	0	0	10.5049	18.4548	28.3092	30.1625	24.7312	26.5808	27.0791	28.5898	31.0317	29.0758	35.7048	33.8863	32.003	34.2261	30.8224	28.8506	31.5525	31.69	27.0285	31.6872	30.7915	31.4342	27.9993	33.6096	31.6812	
-3.10697	0	12.6488	7.58928	41.5603	19.6759	28.7473	20.4327	28.6706	23.8095	17.3089	13.2511	21.9979	17.2024	17.802	15.2658	12.2408	13.0321	6.1437	1.36744	0	0	0	0	0	0	0	0	0	0	6.86037	20.7357	28.51	24.7138	28.3182	26.5808	25.6539	33.0948	30.5258	39.0963	35.2245	33.1055	30.3267	31.3987	29.2231	33.3985	31.8305	36.7223	30.4903	32.4696	34.3689	33.1875	31.6834	34.4529	32.9815	
-3.05686	37.9464	50.5952	45.5357	27.1046	30.9193	20.698	23.3516	26.1409	29.7619	25.2976	16.2627	19.7981	21.25	17.802	10.0318	15.505	11.8822	10.119	2.05116	0	0	0	0	0	0	0	0	0	0	7.07476	22.1872	21.8844	23.3516	24.92	26.9474	24.7631	26.3372	30.0198	36.7965	36.025	33.7301	34.4413	26.9345	31.8401	34.8197	35.5834	32.7781	34.884	34.8168	33.3468	34.8155	29.3501	30.7185	31.4447	
-3.00675	25.2976	25.2976	32.8869	28.9115	22.4867	16.0985	18.4867	22.7678	24.5535	19.9718	18.672	24.1977	20.2381	16.3966	11.7765	8.56854	9.19912	5.42091	2.73488	0	0	0	0	0	0	0	0	0	0	7.9323	20.1136	23.4906	26.076	29.0733	26.5808	27.6136	28.9363	28.502	34.4967	30.261	32.4808	32.765	35.4166	30.3862	35.6724	29.7455	33.4581	34.4846	33.3824	31.6859	32.6865	34.7535	31.6822	32.7451	
-2.95664	0	21.0813	27.8273	23.4906	23.8922	21.8479	25.2976	27.8274	16.369	18.6403	27.1046	28.0473	25.2976	12.1803	15.2658	11.4247	12.2655	4.33673	3.07673	0	0	0	0	0	0	0	0	0	0	8.36108	26.127	33.9309	27.049	24.92	26.9474	27.2572	26.164	31.5377	36.6322	43.0699	36.5409	37.9464	32.5892	32.567	29.7033	31.8305	31.554	31.4223	32.6	32.8358	33.6884	32.7886	29.1524	26.4798	
-2.90652	37.9464	16.8651	25.2976	21.6837	21.0813	24.1477	24.3246	21.9246	20.8333	24.6319	25.2976	22.5478	19.7321	15.4596	15.702	11.0167	13.4154	10.4804	3.41859	0	0	0	0	0	0	0	0	0	0	9.43301	24.4681	28.9115	30.9409	24.3536	24.1977	26.7228	28.2432	36.0912	33.0183	33.3031	35.1355	37.3368	31.1011	25.2976	28.7085	34.1935	33.7301	29.8245	31.4264	32.0692	30.307	29.1045	31.6822	31.2083	
-2.85641	37.9464	54.8114	32.8869	21.6837	23.8922	24.1477	36.0004	24.4543	20.8333	24.6319	22.286	19.7981	13.6607	11.2434	11.3403	14.2809	13.4154	7.95067	2.39302	0	0	0	0	0	0	0	0	0	0	8.14669	22.3946	26.9038	28.4111	30.9612	29.1472	29.7514	27.3769	31.875	30.7185	29.3004	29.0454	28.6503	31.1011	34.6025	32.4036	32.2475	31.01	34.4846	31.6872	35.7744	32.5613	32.4202	31.4413	30.3808	
-2.8063	75.8928	16.8651	25.2976	27.1046	25.2976	27.5974	23.3516	25.2976	29.0178	29.2919	19.8767	24.1977	22.7678	17.802	14.3935	14.6889	8.04923	11.926	1.36744	0	0	0	0	0	0	0	0	0	0	7.28914	26.7491	30.7185	32.6923	28.6958	31.897	27.7917	29.6294	34.4047	32.854	32.1824	32.4808	29.1075	32.4404	31.2585	32.1194	32.8035	28.2898	35.8161	35.9904	35.2633	34.8155	34.6307	32.7664	32.2722	
-2.75619	12.6488	33.7301	22.7678	21.6837	26.703	29.8972	28.2165	27.8274	23.0654	19.3061	23.4906	23.0978	25.8035	11.7118	18.319	17.5451	14.5653	8.67346	2.73488	0	0	0	0	0	0	0	0	0	0.221909	13.7207	26.7491	29.5139	31.3301	27.7518	24.7476	26.3665	26.5105	31.5377	30.5542	36.1852	33.1055	30.7839	35.7142	31.4039	33.1142	32.1085	34.9542	30.8897	35.3384	29.7694	32.8118	31.5606	31.3208	34.2818	
-2.70607	50.5952	16.8651	20.2381	21.6837	28.1084	26.4475	25.2976	25.2976	23.0654	23.3004	21.0813	23.0978	23.2738	26.703	16.1381	12.6488	8.81583	9.75764	3.76045	0	0	0	0	0	0	0	0	0	0.221909	13.292	27.9932	27.5061	29.5787	26.9967	26.9474	23.5161	31.3621	38.9583	31.2113	37.6262	29.3577	30.4791	30.5059	34.4571	36.5251	36.9734	31.69	36.8812	33.6432	32.3247	30.4323	30.2097	37.1031	32.6269	
-2.65596	50.5952	33.7301	37.9464	27.1046	19.6759	22.9978	28.2165	23.6111	20.8333	28.6262	27.7069	20.898	24.2857	23.4237	23.1168	14.6889	11.8822	10.119	1.36744	0	0	0	0	0	0	0	0	0	0	10.0762	25.2976	28.3092	26.4652	30.0173	24.1977	27.4354	30.8423	29.1766	32.6897	34.9043	34.1986	34.1365	33.0356	36.0564	37.0936	34.1935	31.962	29.9577	30.3832	33.4746	27.9276	30.0869	28.9115	32.2722	
-2.60585	25.2976	8.43253	25.2976	25.2976	22.4867	21.8479	33.0815	34.5734	30.5059	27.9605	18.0697	18.6982	22.7678	21.5498	17.4466	15.913	16.4818	11.5646	2.39302	0	0	0	0	0	0	0	0	0	0.443817	10.0762	32.7624	28.1084	29.3841	29.4509	28.9639	27.0791	32.9215	36.7658	39.0963	30.9015	33.8863	33.8318	27.6785	32.567	33.2563	29.8845	35.7703	31.156	34.1648	33.3468	29.1799	32.2974	32.8868	33.2179	
-2.55574	25.2976	46.3789	43.0059	18.0697	29.5139	29.8972	26.2706	31.2004	31.25	19.9718	22.8883	29.1472	27.8273	22.0183	20.4998	18.7692	13.7987	15.1785	4.10231	0	0	0	0	0	0	0	0	0	0.221909	10.9337	34.4213	30.7185	32.3031	29.2621	26.3975	29.0388	36.7335	38.9583	35.6466	32.5026	30.6069	34.2889	29.3154	33.0032	33.967	29.1895	32.098	31.0228	31.5568	37.1798	30.5575	34.7535	30.1162	30.8537	
-2.50562	0	42.1627	27.8273	27.1046	36.541	45.9956	37.9464	29.5139	28.2738	25.9633	33.7301	24.7476	27.3214	23.4237	20.4998	16.321	14.5653	14.4558	4.10231	0	0	0	0	0	0	0	0	0	0	10.7193	30.8962	33.1278	29.5787	32.094	30.2471	31.8892	34.3077	35.5853	38.4392	32.5026	31.3877	32.3078	31.3987	29.8047	33.1142	33.7765	29.7859	35.2835	30.3832	30.9193	31.6846	36.7183	34.8143	32.7451	
-2.45551	50.5952	29.5139	27.8273	32.5255	39.3518	17.2484	25.2976	26.9841	27.5297	31.2891	32.5255	24.7476	37.4404	27.64	22.2444	19.1772	18.015	11.5646	5.12789	0	0	0	0	0	0	0	0	0	0	9.6474	27.1638	28.1084	32.8869	23.2209	32.2636	38.1245	34.6542	37.4404	36.9608	34.2638	30.1385	33.2222	32.5892	30.8224	30.8403	28.9115	30.1939	35.2835	31.296	31.4303	35.1912	32.0518	31.3208	31.6812	
-2.4054	12.6488	25.2976	25.2976	34.3324	40.7572	18.3982	36.0004	26.1409	26.0416	35.9492	36.7417	23.6477	31.369	26.2345	25.2976	24.8896	20.698	15.1785	3.76045	0	0	0	0	0	0	0	0	0	0	14.5783	34.0066	29.7146	30.5517	30.3949	30.9804	33.1363	33.2681	29.8512	30.0614	30.261	32.637	31.5458	31.8452	38.8187	33.5406	36.4174	32.7781	37.0144	33.252	31.1748	32.0603	32.6658	29.8752	30.2626	
-2.35529	25.2976	33.7301	17.7083	28.9115	36.541	35.6466	32.1085	26.1409	23.8095	42.6065	29.5139	28.0473	27.8273	17.802	25.2976	21.6254	20.698	14.8172	5.46975	0	0	0	0	0	0	0	0	0	0	10.2906	30.4815	35.3363	36.195	33.793	29.5138	34.9178	35.3473	29.1766	31.7041	32.5026	35.2917	32.4602	35.119	34.4571	36.6673	33.7765	34.2742	35.4166	34.9472	33.7301	31.4342	33.6482	30.8389	33.6908	
-2.30517	12.6488	42.1627	50.5952	25.2976	29.5139	28.7473	27.2436	33.7301	24.5535	33.952	21.0813	28.5973	26.8154	24.3606	25.7338	26.9297	26.8308	19.5153	8.54649	0	0	0	0	0	0	0	0	0	0.221909	9.6474	32.9698	34.3325	29.7733	30.0173	28.2306	32.0674	33.4413	33.5615	27.7616	34.4239	34.1986	26.6692	33.0356	30.2408	33.3985	31.5525	34.1382	30.3571	31.4264	35.0078	38.0717	30.7009	33.4892	34.9911	
-2.25506	25.2976	50.5952	30.3571	27.1046	23.8922	36.7965	29.1895	33.7301	23.8095	31.2891	28.9115	26.3975	32.8869	24.8291	26.6061	30.6019	27.5974	26.7432	7.52091	0	0	0	0	0	0	0	0	0	0	13.5064	32.9698	41.3596	34.0545	28.507	28.5973	27.6136	28.9363	31.369	32.3612	32.0223	32.637	32.003	27.8273	28.06	29.7033	32.6645	30.6019	28.8925	30.2528	28.2362	30.5575	34.5079	29.9957	32.9815	
-2.20495	37.9464	33.7301	27.8273	46.9812	25.2976	19.5481	25.2976	32.0436	23.0654	31.2891	30.7185	38.4963	30.8631	29.5138	29.6593	28.1538	27.5974	20.9609	5.12789	0	0	0	0	0	0	0	0	0	0	12.0056	31.933	32.7263	37.168	33.2267	30.4304	32.6018	29.1096	34.742	33.8396	32.6627	36.8533	33.8318	33.0356	31.4039	28.9927	31.2745	31.69	38.479	32.2088	33.219	31.1837	32.6658	33.1278	33.809	
-2.15484	50.5952	33.7301	30.3571	30.7185	25.2976	34.4967	30.1625	34.5734	31.25	33.952	42.1627	33.5468	33.8988	31.8562	23.9891	30.1939	28.7473	24.5748	5.46975	0	0	0	0	0	0	0	0	0	0.221909	12.22	31.5183	36.7418	38.141	32.6603	35.9299	36.5212	32.0552	34.5734	34.3324	32.3425	37.0094	36.1177	31.8452	29.3685	33.6827	29.4675	32.37	33.2863	32.7304	31.5581	30.9332	30.4553	34.8143	34.1636	
-2.10472	37.9464	42.1627	45.5357	39.7534	33.7301	31.047	27.2436	27.8274	40.9226	38.6121	37.3441	32.4469	19.7321	24.3606	28.3508	34.2742	31.047	25.659	8.20463	0	0	0	0	0	0	0	0	0	0	15.6502	36.2875	32.3247	33.2761	27.563	30.7971	32.0674	29.2828	28.8393	36.9608	34.7441	38.8833	29.8695	34.9702	34.1663	27.9979	32.6645	35.2262	35.5498	34.556	33.9856	33.3127	33.157	34.9347	30.2626	
-2.05461	25.2976	21.0813	22.7678	39.7534	29.5139	42.5459	26.2706	30.3571	36.4583	43.2722	27.7069	34.6467	27.8273	29.9823	27.4784	30.1939	32.9635	29.9957	8.54649	0	0	0	0	0	0	0	0	0	0.665726	19.0804	45.2039	43.9696	34.2491	28.1294	27.6807	28.6825	34.3077	36.2599	32.5255	35.3846	33.5739	32.3078	28.7202	30.8224	33.5406	33.6375	34.1382	32.3543	34.0344	33.6023	31.3089	32.543	36.2599	37.2372	
-2.0045	75.8928	16.8651	27.8273	27.1046	36.541	45.9956	34.0544	35.4166	46.8749	39.2778	31.9232	27.4974	34.4047	29.0454	35.7656	38.7624	32.5802	37.585	12.6488	0	0	0	0	0	0	0	0	0	0.665726	19.7236	44.5818	41.3596	35.6112	26.9967	23.8311	31.1766	32.4017	34.5734	32.6897	29.6206	28.4207	31.8506	29.0178	35.0386	38.9412	31.2745	30.8739	30.8897	32.2088	29.5138	33.9389	37.7008	38.4282	36.5279	
-1.95439	75.8928	16.8651	22.7678	28.9115	29.5139	34.4967	20.4327	26.9841	31.25	32.6206	34.3325	36.2965	27.3214	30.9193	28.7869	26.5217	36.0299	37.9464	16.7511	0.324328	0	0	0	0	0	0	0	0	1.77527	26.7983	45.6186	39.9542	33.2761	29.8285	31.7136	32.6018	37.4266	36.0912	32.1969	33.6234	31.8562	30.6315	34.0773	35.184	36.8094	33.9155	34.8182	31.2891	31.948	32.5802	31.4342	29.2273	35.5371	31.3265	
-1.90427	37.9464	21.0813	22.7678	43.3673	43.5681	35.6466	30.1625	28.6706	33.4821	29.9577	40.3557	30.2471	33.3928	34.1986	33.1486	32.6421	34.88	41.5603	30.0836	4.86492	0	0	0	0	0	0	0	0.689934	8.87635	40.5191	48.1069	39.3518	28.9949	27.1855	28.0473	42.5783	35.8671	31.5377	34.1682	32.9829	36.3848	35.2033	30.2083	29.95	31.4088	35.7224	34.5462	29.2919	32.0784	30.1527	28.679	33.6482	33.2482	32.0358	
-1.85416	63.244	25.2976	17.7083	28.9115	39.3518	32.1969	25.2976	28.6706	35.7142	33.952	32.5255	39.5962	40.4761	36.541	27.4784	29.3778	35.2633	43.7287	49.9115	17.1894	0.925522	0	0	0	0	0	0	3.21969	29.7358	44.5924	39.8126	32.5255	31.3301	28.507	33.7301	35.9867	32.7483	34.5734	30.8828	30.7414	36.0725	33.8318	27.5297	31.9855	30.9824	30.8575	32.37	32.4874	33.3824	33.4746	32.0603	33.6482	28.3092	29.908	
-1.80405	12.6488	42.1627	43.0059	28.9115	52.0006	25.2976	31.1355	40.4762	35.7142	32.6206	34.9348	37.9464	38.4523	37.4779	35.3294	31.826	38.713	44.0901	43.758	30.8112	18.5104	2.94158	0	0.269123	0	0.992063	6.20507	28.5173	41.275	48.4514	31.7257	31.3208	27.8274	27.563	32.2636	32.6018	35.8671	33.7301	29.8972	33.7835	32.7932	38.2512	33.7797	34.6025	27.8557	31.4135	31.01	34.4846	27.1232	33.7301	37.3202	34.0166	35.0552	33.809	
-1.75394	0	50.5952	55.6547	30.7185	40.7572	39.0963	36.0004	31.2004	35.7142	38.6121	31.3208	37.9464	33.8988	29.9823	26.6061	24.8896	35.6466	38.3078	37.6045	43.7843	42.2655	27.6509	19.6759	10.4958	14.4558	29.5139	47.0154	49.6752	41.0531	35.3738	29.6521	25.0968	28.8003	27.9406	37.7631	29.0388	36.387	32.7182	29.8972	34.1037	30.1385	33.8318	31.2499	30.677	32.2615	31.4135	36.1783	30.7565	34.9472	33.6023	30.4323	33.771	33.1278	34.6365	
-1.70382	25.2976	50.5952	40.4761	36.1394	25.2976	25.2976	27.2436	32.0436	37.9464	33.2863	22.286	31.347	28.8393	27.64	30.0954	24.4815	29.8972	35.0552	29.7418	40.8653	39.7974	40.888	49.1897	39.5611	48.7882	54.3154	52.2658	54.5048	41.275	33.4443	28.2006	27.7069	21.7949	31.9052	36.6632	32.2455	37.9464	34.742	28.0902	32.6627	31.5439	30.3267	34.8214	29.2231	29.9876	30.9965	33.8661	34.4846	36.3816	34.6245	29.6809	30.4553	32.1641	30.6172	
-1.65371	12.6488	12.6488	32.8869	32.5255	25.2976	31.047	32.1085	34.5734	32.7381	35.2835	34.3325	36.2965	37.4404	37.4779	23.5529	28.5618	25.6809	28.9115	27.3488	33.0815	37.0209	44.4179	43.8491	40.9067	39.2371	43.8988	35.3212	35.8765	33.7301	30.4429	21.7725	28.51	29.3841	29.8285	37.5797	33.8489	35.0008	31.7063	32.5255	31.702	35.2917	32.4602	33.7797	33.1486	29.277	34.0545	34.1382	32.7537	33.5128	35.0078	32.3108	29.5957	32.6459	30.6172	
-1.6036	37.9464	33.7301	20.2381	36.1394	32.3247	33.3468	34.0544	31.2004	23.0654	35.2835	34.9348	37.9464	40.9821	35.1355	33.5848	26.5217	32.5802	33.2482	32.8185	33.0815	35.4783	38.8289	34.0112	33.9095	30.9766	32.49	32.4573	29.2072	29.5139	28.5134	26.5417	29.5139	32.1085	36.6249	41.0627	37.7682	29.4561	29.8512	38.7677	37.6262	29.9823	29.2599	30.3571	32.2763	34.1091	34.6105	29.2418	32.3543	31.4264	36.1577	34.3146	34.8763	34.212	32.8633	
-1.55349	25.2976	4.21627	25.2976	34.3324	29.5139	45.9956	37.9464	30.3571	34.2261	32.6206	28.9115	33.5468	33.3928	35.1355	28.3508	35.0902	28.364	33.971	28.7162	27.2436	27.7657	32.0632	30.3571	31.2183	25.8139	23.5615	23.8657	27.8273	25.0757	34.3019	39.8126	33.3286	33.2761	39.6455	40.8794	37.9464	31.8819	29.3452	31.8684	31.8621	33.4178	29.2599	36.0118	34.4571	35.246	34.0545	30.8739	33.02	34.9472	31.4303	31.4342	33.8938	33.3687	34.1636	
-1.50337	37.9464	59.0277	25.2976	37.9464	46.3789	37.9464	36.9734	24.4543	29.0178	29.2919	30.1162	36.2965	35.4166	37.4779	39.2549	34.6822	37.9464	36.1394	32.4766	29.1895	31.4677	28.5333	30.9193	25.0285	19.1023	25.7936	29.3548	29.8971	31.0672	40.0903	36.2875	34.5332	33.2761	31.3388	30.2471	33.8489	27.0303	27.6587	29.7329	32.1824	36.2286	28.9551	30.8035	28.9323	30.6982	33.4985	36.5863	30.0908	28.9488	30.536	32.937	35.8587	31.2003	36.1733	
-1.45326	50.5952	12.6488	12.6488	37.9464	36.541	41.3961	39.8923	33.7301	34.9702	28.6262	33.7301	31.347	32.3809	39.8203	37.5102	25.7056	30.2805	39.7533	34.1859	36.0004	31.4677	30.0041	35.6977	32.5639	33.558	35.2182	29.8321	37.0264	34.8397	39.2327	36.2875	35.7379	32.4977	35.3034	34.83	31.7111	30.1492	28.6706	34.9895	34.584	35.2917	30.3267	31.2499	35.0386	30.9824	30.5795	31.69	34.0852	29.2096	33.6023	31.4342	30.9465	33.0073	36.1733	
-1.40315	25.2976	50.5952	43.0059	43.3673	32.3247	22.9978	33.0815	44.6924	34.9702	33.952	33.1278	24.7476	28.3333	32.3247	39.2549	32.6421	34.88	33.2482	34.5278	29.1895	31.1592	31.7691	36.822	30.6801	30.4604	35.2182	33.1733	31.7369	36.8368	29.1566	26.127	29.7146	28.9949	33.0379	28.7806	30.9984	25.4709	27.3214	29.4043	32.9829	34.0424	36.7273	31.6964	31.1132	30.4139	32.1085	30.7379	34.6178	33.6432	31.5581	29.5556	30.2097	30.9594	32.2722	
-1.35304	25.2976	37.9464	35.4166	32.5255	39.3518	36.7965	27.2436	21.0813	43.1547	33.2863	31.3208	27.4974	37.4404	30.9193	32.7124	33.0501	38.713	35.778	30.7673	27.8922	28.3827	31.4749	34.5734	34.1787	32.0092	38.6904	26.4909	35.4166	37.0588	32.8011	33.1772	35.9387	30.7463	28.507	28.414	26.7228	33.2681	30.0198	31.3756	31.3818	29.2015	31.6982	34.8214	31.9855	34.3933	32.8035	35.6342	33.8189	31.296	31.8136	31.8099	34.9991	35.6575	32.2722	
-1.30292	25.2976	16.8651	30.3571	39.7534	23.8922	33.3468	14.5948	24.4543	32.7381	29.9577	34.9348	37.3964	28.3333	32.7932	25.2976	30.1939	37.1798	33.2482	36.9208	27.2436	24.3721	27.6509	32.8869	39.5611	35.8813	36.4583	33.4119	33.1168	37.0588	34.3019	32.7624	31.3208	37.168	36.4361	28.9639	33.1363	34.3077	36.5972	33.6754	29.7807	34.1986	32.003	31.994	34.4571	31.2666	32.2475	39.4425	35.4166	33.5128	30.7915	32.3108	30.0869	30.8389	34.4001	
-1.25281	63.244	12.6488	17.7083	36.1394	25.2976	34.4967	29.1895	21.0813	20.0893	29.2919	28.3092	39.0463	31.875	32.7932	25.2976	24.0735	27.9807	36.5008	43.0743	38.2707	32.7018	30.0041	38.5085	36.3316	40.5278	33.9781	31.264	33.8067	38.1683	34.7306	32.5551	30.1162	29.3841	33.2267	35.38	34.3833	36.0404	40.6448	32.5255	31.8621	33.5739	35.5081	32.5892	28.6415	29.4191	35.7224	33.7301	37.6801	32.7304	32.3247	28.8042	33.5254	32.405	31.4447	
-1.2027	25.2976	21.0813	22.7678	28.9115	40.7572	47.1455	44.7573	24.4543	26.0416	31.2891	40.958	33.5468	31.369	31.8562	32.2763	27.7457	31.8136	27.4659	36.579	45.7303	31.4677	33.2399	35.6977	30.4109	33.8162	31.994	28.4001	28.7472	33.5082	29.7997	27.5785	24.2937	27.6328	31.5276	32.2636	34.9178	31.5354	32.3809	31.047	34.2638	30.9193	30.7839	30.8035	30.677	31.4088	32.1085	34.4102	31.8217	30.9048	35.3911	29.4304	29.9641	29.5138	31.6812	
-1.15259	25.2976	50.5952	30.3571	32.5255	33.7301	55.1947	38.9194	26.9841	21.5774	40.6093	39.151	37.3964	32.3809	32.3247	32.2763	33.4581	34.1134	28.1887	31.4511	36.0004	30.5422	32.0632	31.2003	31.4874	30.7185	27.2817	31.0254	31.507	28.1824	36.0169	30.2742	31.7224	33.4707	33.2267	31.7136	29.9295	33.9612	28.3333	33.1826	31.0616	32.637	31.8506	35.5654	34.0209	32.1194	29.3285	31.554	32.4874	28.688	31.8136	35.1912	33.157	35.6575	38.1829	
-1.10247	12.6488	16.8651	37.9464	28.9115	35.1355	34.4967	36.9734	31.2004	28.2738	33.2863	26.5022	31.347	30.3571	40.2887	37.5102	29.7859	31.4303	30.3571	31.1092	27.8922	25.6061	31.1808	25.8597	21.799	29.9441	26.5377	29.8321	31.507	33.952	32.5868	34.836	32.3247	33.6653	38.5127	32.0803	33.1363	34.481	29.8512	28.9115	32.1824	33.5739	37.6416	36.9047	36.7833	31.5509	29.7455	29.1058	34.0852	36.7728	33.3468	31.9351	31.5606	33.971	36.1733	
-1.05236	25.2976	37.9464	25.2976	28.9115	30.9193	41.3961	29.1895	34.5734	25.2976	31.9549	29.5139	30.7971	28.3333	36.541	37.0741	35.0902	35.2633	37.2236	27.3488	32.4328	26.5316	32.0632	35.9788	36.8699	35.1069	34.9702	32.4573	35.1866	33.952	37.0889	28.6153	33.1278	38.141	36.2473	33.7301	31.8892	36.7335	34.0674	32.6897	28.0195	35.604	35.3557	32.2916	34.0209	32.83	29.6065	28.2898	28.4931	34.8168	29.7694	31.6846	32.0518	34.4529	29.908	
-1.00225	0	46.3789	32.8869	25.2976	39.3518	28.7473	35.0274	29.5139	26.7857	37.2807	31.3208	35.7466	30.3571	31.8562	44.0527	41.2106	37.1798	31.8027	34.5278	34.3788	30.5422	38.5347	35.4166	39.8303	37.9464	31.498	34.6052	32.6569	35.9492	31.9436	36.7022	28.1084	32.3031	35.3034	39.0463	35.6304	34.1344	35.0793	32.6897	26.4184	34.3547	32.6126	30.9523	36.6379	31.5509	35.7224	32.37	29.6914	30.9048	33.0913	30.9332	29.2273	32.0436	30.7355	
-0.952137	37.9464	37.9464	22.7678	30.7185	56.2169	42.5459	35.0274	37.9464	29.7619	32.6206	35.5371	31.897	30.8631	31.3877	28.3508	31.0099	24.9143	41.5603	31.7929	27.8922	36.0954	30.2983	40.195	35.7934	28.9115	36.9543	35.5598	37.7164	34.8397	30.8717	28.2006	27.5061	30.7463	33.0379	30.2471	35.6304	32.0552	30.1885	26.9403	33.143	34.5109	34.2889	37.4999	32.567	29.8454	34.7495	32.9141	33.2863	33.6432	29.5138	30.307	30.0869	35.0552	34.5183	
-0.902025	12.6488	21.0813	25.2976	28.9115	35.1355	34.4967	26.2706	26.9841	26.7857	31.2891	28.9115	32.9969	34.4047	33.7301	31.8401	42.8427	37.5631	32.5255	30.0836	32.1085	34.5528	37.9464	31.2003	30.4109	30.7185	28.7698	28.6388	32.6569	31.2891	37.3033	33.1772	31.1201	34.8328	32.2827	28.7806	36.8775	30.4957	27.4901	32.1969	30.261	34.6671	37.794	32.4404	33.294	33.5406	32.9425	32.7781	37.1475	37.4248	33.219	32.1856	33.0342	31.9231	30.3808	
-0.851912	0	37.9464	17.7083	34.3324	43.5681	27.5974	33.0815	22.7678	31.25	27.2948	35.5371	33.5468	30.8631	30.9193	25.2976	31.418	36.7965	31.0799	35.8952	24.6489	32.7018	31.4749	27.5463	26.6432	32.7836	33.4821	30.7867	28.9772	33.5082	34.5162	32.3477	34.3325	36.5842	29.0733	29.3305	31.1766	30.4957	31.875	33.8396	27.2189	35.1355	37.3368	36.0118	31.4039	30.2718	30.0235	31.962	30.4903	31.1656	34.2412	33.5632	29.9641	33.0073	30.8537	
-0.8018	37.9464	29.5139	37.9464	34.3324	30.9193	32.1969	30.1625	27.8274	37.2023	27.9605	33.7301	34.0967	35.4166	26.703	31.8401	29.3778	29.5139	32.1641	33.1604	28.2165	24.9891	30.5924	34.2923	36.0625	29.9441	28.5218	36.5145	36.3365	29.9577	39.2327	35.2507	29.5139	36.5842	29.4509	33.3635	35.2741	38.986	35.248	28.7473	28.9801	28.2646	34.4413	27.5297	28.4962	30.9824	29.4675	31.554	35.5498	33.1216	33.219	31.9351	34.5079	34.4529	33.9272	
-0.751687	50.5952	37.9464	37.9464	25.2976	42.1626	26.4475	32.1085	34.5734	45.3868	35.2835	42.1627	40.6961	43.0059	27.64	32.2763	29.7859	34.1134	36.5008	28.0325	25.6219	32.3933	27.6509	25.8597	29.6036	36.3975	33.4821	33.4119	29.2072	27.9605	31.5148	27.7859	36.1394	33.0815	31.3388	31.7136	35.2741	33.2681	35.7539	34.661	30.1009	37.3217	32.003	24.7023	27.333	27.003	31.2745	35.3622	32.088	34.556	29.8971	32.5613	33.771	34.212	32.3904	
-0.701575	50.5952	67.4602	50.5952	43.3673	23.8922	32.1969	34.0544	35.4166	46.1309	37.2807	31.3208	37.3964	32.3809	37.4779	34.0209	27.7457	36.7965	39.3919	35.8952	32.4328	33.9358	32.0632	32.0436	32.2948	34.5906	35.9623	31.0254	29.6671	33.952	29.5853	30.2742	33.3286	33.6653	32.4715	34.2801	35.8085	31.7086	32.2123	33.8396	35.0644	34.8232	40.08	33.7797	30.8224	33.2563	34.3325	34.2742	35.4166	32.7304	34.3689	36.5688	33.771	35.8985	31.6812	
-0.651462	12.6488	21.0813	32.8869	36.1394	44.9735	27.5974	26.2706	34.5734	23.0654	25.9633	27.7069	31.897	39.4642	27.64	27.4784	32.6421	27.5974	28.9115	39.3138	33.4058	34.8613	35.299	39.0707	32.2948	33.8162	28.5218	33.4119	32.1969	27.2948	29.1566	32.1404	30.5177	35.8058	34.1706	29.1472	34.3833	27.7234	30.5258	32.854	36.1852	35.4478	33.8318	33.7797	31.5493	32.1194	37.3904	36.5863	35.5498	33.7736	34.7522	32.8118	32.1746	35.6575	32.0358	
-0.60135	50.5952	25.2976	40.4761	41.5603	52.0006	31.047	36.0004	25.2976	25.2976	32.6206	34.3325	27.4974	29.8512	36.541	27.9146	31.0099	34.1134	24.5748	29.7418	38.2707	34.8613	29.4158	38.2275	34.1787	26.8464	27.2817	34.1279	33.8067	30.6234	24.2257	31.7257	32.7263	32.8869	36.6249	33.5468	28.6825	29.6294	28.1647	30.2257	38.907	35.2917	35.2033	28.869	32.2763	38.7991	34.7495	33.1861	32.3543	31.1656	30.2804	35.3165	33.771	30.7185	29.6715	
-0.551237	25.2976	29.5139	27.8273	37.9464	26.703	24.1477	34.0544	27.8274	26.7857	31.2891	25.8999	35.1966	24.7916	29.5138	27.9146	34.6822	28.364	32.1641	30.4255	37.6221	34.2443	38.5347	40.7572	40.6376	27.3627	34.4742	37.2304	31.9669	32.6206	27.0127	37.3243	35.5371	34.6382	31.7164	35.9299	32.78	29.4561	35.5853	34.3324	35.5447	31.7001	29.8695	34.0773	31.6947	34.9618	32.8035	34.1382	33.8189	30.9048	31.8136	27.1762	27.1396	29.1524	27.4255	
-0.501125	25.2976	37.9464	15.1786	25.2976	29.5139	28.7473	30.1625	28.6706	34.2261	24.6319	36.7417	31.897	36.4285	37.4779	46.2336	34.6822	34.88	38.6692	37.6045	27.8922	31.7763	33.2399	34.5734	34.1787	28.6534	34.9702	37.9464	33.8067	34.8397	33.8731	31.7257	36.9425	37.168	30.3949	27.864	31.5329	38.4662	27.4901	34.0039	30.4211	30.7631	29.2599	29.0178	31.1132	34.3933	33.3595	31.69	32.8869	27.7752	28.4917	28.4285	29.5957	30.598	34.9911	
-0.451012	25.2976	29.5139	20.2381	27.1046	23.8922	34.4967	41.8383	32.8869	33.4821	41.275	29.5139	39.0463	33.8988	37.9464	31.8401	35.9063	28.7473	30.3571	34.8697	30.1625	26.8401	31.4749	35.6977	34.1787	32.0092	32.9861	32.9346	32.6569	33.5082	26.5839	31.5183	33.9309	35.4166	33.9818	33.5468	34.2052	29.2828	31.0317	31.2113	34.7441	32.3247	32.4602	27.9761	27.0423	32.5457	30.9965	32.37	32.4874	32.4696	27.4696	31.3089	33.4026	36.0189	33.3361	
-0.4009	63.244	54.8114	43.0059	27.1046	23.8922	41.3961	29.1895	31.2004	37.9464	32.6206	30.7185	37.9464	26.3095	32.3247	45.3612	27.7457	31.4303	30.3571	35.5534	38.2707	33.3188	30.2983	31.7625	38.2155	32.7836	27.7778	35.3212	31.277	31.7329	29.7997	30.4815	28.1084	36.7788	31.15	31.5303	29.9295	34.481	31.875	27.5974	36.1852	30.2946	31.6982	33.0356	34.6025	32.1194	31.2745	32.234	32.4874	31.1656	31.6859	35.4417	29.2273	34.3324	33.0997	
-0.350787	37.9464	29.5139	30.3571	34.3324	26.703	44.8457	33.0815	22.7678	31.25	29.9577	32.5255	34.0967	29.3452	28.5769	29.6593	27.7457	29.8972	33.2482	29.7418	26.9192	28.0742	25.0034	30.076	32.0257	33.558	29.7619	33.6506	35.4166	31.7329	31.5148	37.1169	31.3208	27.4382	27.3743	32.0803	36.1648	34.8275	28.3333	36.3037	37.3059	34.3547	35.0509	35.119	32.4216	33.5406	33.7765	36.3143	31.156	36.9032	33.4746	33.8136	34.9991	33.1278	29.908	
-0.300675	12.6488	21.0813	53.1249	32.5255	37.9464	33.3468	38.9194	42.1627	45.3868	43.2722	31.9232	28.0473	26.8154	37.0094	28.3508	29.7859	27.2141	38.3078	31.1092	35.0274	36.7124	31.7691	36.2599	29.6036	34.0743	31.746	27.9228	36.5665	37.2807	40.0903	33.3845	28.51	32.1085	31.5276	31.5303	30.2858	32.4017	33.7301	31.8684	34.9043	35.7602	34.7461	31.6964	35.911	32.4036	32.5255	35.7703	31.6886	31.4264	35.5188	36.4436	34.2622	35.0552	30.6172	
-0.250562	0	37.9464	32.8869	28.9115	29.5139	28.7473	31.1355	35.4166	41.6666	31.9549	33.7301	34.6467	32.8869	29.0454	33.5848	30.6019	31.8136	30.3571	33.1604	31.1355	32.0848	32.3574	37.3842	33.3713	35.365	35.7143	30.5481	29.4372	36.393	36.6601	33.5919	28.1084	36.0004	36.6249	33.9134	33.3144	34.1344	30.5258	32.0327	34.584	32.637	36.5749	34.6726	34.8933	33.1142	32.8035	30.0579	35.2835	35.4688	33.8579	32.937	32.0518	30.7185	30.7355	
-0.20045	50.5952	33.7301	32.8869	36.1394	29.5139	26.4475	20.4327	29.5139	29.7619	27.9605	39.151	29.6972	31.875	40.7572	30.5316	32.234	30.2805	39.0306	32.8185	35.0274	34.8613	32.0632	39.0707	29.8727	32.7836	29.2658	27.9228	28.9772	29.9577	28.0846	32.9698	33.7301	32.6923	36.4361	31.7136	35.4522	32.4017	26.3095	27.7616	33.3031	32.9493	35.6605	32.5892	32.567	35.1039	29.8845	31.146	27.1616	28.9488	31.1748	30.808	32.7886	31.9231	31.4447	
-0.150337	37.9464	29.5139	30.3571	48.7882	37.9464	17.2484	25.2976	31.2004	36.4583	32.6206	29.5139	28.5973	31.369	30.4508	37.5102	34.2742	32.1969	33.6096	31.7929	30.1625	36.4039	34.1223	33.1679	29.8727	30.7185	26.2897	32.4573	26.9074	32.6206	28.9422	32.1404	34.1317	30.1625	33.4155	34.0967	35.8085	31.3621	30.3571	37.9464	33.4633	31.3877	32.003	34.5237	32.567	34.3933	34.1935	31.554	35.8161	30.1224	33.9856	31.3089	30.9465	30.3571	36.2915	
-0.100225	37.9464	37.9464	43.0059	36.1394	37.9464	21.8479	25.2976	25.2976	34.9702	32.6206	31.3208	40.1462	34.4047	31.3877	20.9359	35.9063	25.6809	34.3324	37.2627	26.2706	30.8507	27.3567	29.5138	36.0625	35.1069	29.2658	28.8775	31.277	32.1768	28.5134	34.6287	27.9077	30.9409	31.15	33.1802	33.1363	31.7086	36.0912	34.3324	33.7835	31.5439	28.3455	33.0356	36.2018	28.5663	26.4096	25.4336	35.8161	35.0776	35.3911	33.0622	33.4026	32.405	33.2179	
-0.0501122	25.2976	25.2976	27.8273	43.3673	35.1355	24.1477	30.1625	37.9464	44.6428	33.952	30.1162	28.0473	28.8393	39.8203	33.5848	39.1705	36.0299	32.1641	27.3488	31.1355	26.5316	31.7691	30.6382	30.6801	28.9115	32.242	39.1397	35.8765	35.0616	31.3004	28.4079	29.9154	33.8599	28.3182	31.5303	28.6825	27.0303	33.8988	31.7041	34.9043	32.7932	34.1365	31.2499	29.3685	30.1297	29.3285	31.962	32.2211	34.2952	35.5188	35.9427	34.1394	32.8868	31.0901	
0	25.2976	21.0813	45.5357	25.2976	25.2976	36.7965	38.9194	37.9464	41.6666	20.6375	26.5022	30.2471	33.8988	36.0725	35.7656	36.7223	34.4967	32.8869	30.4255	31.1355	29.9252	35.0048	31.2003	33.9095	33.558	37.4504	40.333	35.6466	30.8453	33.4443	32.7624	33.9309	31.5247	29.8285	35.1966	35.9867	32.0552	30.5258	32.0327	28.4998	32.9493	28.9551	33.9285	33.7301	34.8197	32.3865	32.5061	32.088	32.3392	32.4525	36.8193	34.5079	36.2599	28.7258	
0.0501127	12.6488	21.0813	17.7083	10.8418	36.541	25.2976	34.0544	44.6924	32.7381	27.9605	24.0929	25.8475	34.4047	30.9193	31.8401	32.234	30.6637	26.3818	35.2115	31.7841	34.2443	32.9457	31.2003	29.6036	32.5255	32.49	35.0825	33.3468	33.0644	33.6587	34.6287	34.734	33.4707	36.2473	32.9968	36.5212	30.8423	26.6468	35.4823	33.143	32.3247	31.5458	27.5297	34.3117	34.3933	30.9965	33.3221	37.6801	32.9912	33.219	26.1743	32.1746	28.6706	31.9176	
0.100225	75.8928	21.0813	37.9464	27.1046	28.1084	27.5974	32.1085	32.0436	32.7381	30.6234	34.3325	25.8475	31.369	30.4508	44.0527	35.0902	33.7301	28.5501	31.4511	26.9192	33.9358	29.1216	24.4543	32.0257	33.8162	35.2182	36.2758	35.1866	36.1711	31.0861	33.1772	35.1356	29.3841	34.737	37.7631	33.8489	26.3372	32.3809	28.4187	36.3453	29.3577	30.1743	29.7618	34.7479	34.9618	35.3054	29.9219	30.8897	31.1656	32.1969	33.5632	30.8237	29.8752	32.6269	
0.150338	50.5952	29.5139	17.7083	25.2976	23.8922	34.4967	41.8383	41.3194	36.4583	40.6093	36.7417	28.0473	29.3452	32.3247	34.4571	37.1303	33.7301	27.8273	31.4511	34.3788	33.0103	29.4158	28.1084	33.1022	29.4278	33.7301	33.8892	32.8868	32.3987	35.1594	29.2374	28.1084	30.1625	32.8491	29.5138	39.5497	38.2929	30.5258	36.1394	33.9436	31.3877	26.5168	27.2321	34.4571	29.9876	30.0235	28.6978	31.0228	33.1216	32.4525	35.5669	34.7535	32.405	31.3265	
0.20045	88.5416	42.1627	40.4761	46.9812	26.703	21.8479	22.3786	33.7301	41.6666	41.9407	42.1627	21.9979	38.4523	34.1986	37.5102	36.3143	33.7301	34.6938	38.2883	34.7031	37.0209	31.1808	28.1084	29.6036	31.7511	30.7539	35.3212	28.2873	34.8397	31.7292	29.03	25.8999	36.0004	29.0733	31.897	30.6421	36.0404	32.7182	32.854	33.143	33.7301	32.3078	31.6964	31.9855	33.2563	29.6065	30.8739	31.8217	30.9048	31.5581	33.4379	33.771	32.8868	33.0997	
0.250563	12.6488	50.5952	50.5952	28.9115	29.5139	26.4475	33.0815	26.1409	28.2738	41.275	32.5255	33.5468	45.5357	33.7301	28.7869	26.9297	35.2633	41.1989	32.1348	31.7841	35.7868	37.0639	31.4814	33.1022	29.9441	35.2182	35.3212	32.6569	30.6234	26.7983	28.6153	30.1162	31.1355	33.6043	31.897	34.2052	35.1741	31.875	30.2257	30.261	34.8232	34.1365	32.738	35.6202	35.1039	31.2745	35.0902	29.9577	34.1648	35.7744	33.4379	35.2447	32.405	33.809	
0.300675	12.6488	16.8651	25.2976	46.9812	49.1898	26.4475	32.1085	30.3571	40.9226	31.9549	32.5255	29.1472	37.4404	31.3877	31.8401	33.8661	33.7301	34.6938	33.5022	33.7301	29.9252	30.5924	35.1355	40.3685	30.4604	30.2579	32.4573	33.1168	35.7273	31.0861	32.1404	31.5216	36.3896	34.1706	30.6137	34.3833	32.575	35.0793	29.0758	34.7441	34.1986	32.003	34.0773	32.8578	36.0988	34.3325	35.0902	32.4874	32.8608	35.3911	36.5688	33.5254	34.212	31.2083	
0.350788	25.2976	33.7301	40.4761	34.3324	44.9735	49.4453	34.0544	38.7896	40.1785	32.6206	33.1278	39.5962	45.0297	26.703	28.3508	25.2976	28.364	36.8622	36.9208	36.3247	34.8613	30.5924	37.1031	33.6404	38.2045	31.25	32.2187	32.4269	39.7217	37.3033	36.7022	29.9154	31.5247	31.9052	35.5633	29.5732	27.8967	30.3571	33.5111	33.143	34.8232	30.3267	31.3987	33.7301	33.5406	32.8035	33.4581	31.9549	33.6432	33.3468	32.0603	34.3851	32.2845	34.7547	
0.4009	12.6488	21.0813	43.0059	36.1394	35.1355	34.4967	36.9734	19.3948	36.4583	33.2863	27.1046	40.6961	41.994	25.7661	29.6593	33.4581	25.2976	31.4413	36.9208	31.1355	28.3827	27.6509	32.0436	37.139	35.1069	30.2579	30.0707	35.1866	29.9577	36.0169	35.6654	33.9309	33.0815	32.094	32.9968	30.464	33.6146	33.0555	31.3756	35.7048	33.7301	32.4602	31.1011	36.6379	36.8094	37.1124	31.962	33.8189	36.2512	35.0078	33.8136	33.2798	29.9957	30.6172	
0.451013	25.2976	29.5139	27.8273	23.4906	22.4867	37.9464	38.9194	26.1409	28.2738	33.952	34.9348	25.8475	32.3809	28.1084	28.3508	31.0099	30.6637	33.2482	29.0581	25.6219	29.9252	29.4158	33.7301	36.0625	33.0417	36.9543	30.5481	30.817	26.1852	32.158	36.2875	34.1317	28.9949	26.0527	36.6632	32.0674	37.4266	30.3571	31.3756	37.7863	31.3877	32.3078	30.5059	32.8578	31.9773	27.6606	31.554	31.0228	28.036	32.9635	29.5556	33.0342	33.7301	32.5087	
0.501125	37.9464	12.6488	45.5357	36.1394	19.6759	26.4475	32.1085	22.7678	25.2976	37.2807	33.1278	28.0473	27.3214	37.9464	34.4571	34.6822	33.7301	35.0552	23.2464	35.6761	35.7868	23.8268	28.9517	38.2155	33.8162	31.498	32.9346	30.3571	35.2835	29.5853	34.2139	32.5255	34.4436	34.5482	32.0803	32.6018	32.7483	35.248	30.39	28.9801	33.1055	36.7273	29.613	32.1309	36.6673	33.9155	30.0579	31.8217	29.6008	33.6023	34.5651	29.1045	33.3687	33.5726	
0.551238	25.2976	33.7301	22.7678	32.5255	25.2976	28.7473	36.9734	27.8274	28.2738	39.9436	31.9232	30.2471	28.8393	26.703	30.9678	44.0668	37.9464	39.0306	30.0836	30.4868	34.5528	30.8866	29.7949	27.4506	29.6859	34.7222	35.0825	30.817	33.2863	29.1566	30.4815	32.1239	32.4977	32.2827	33.3635	31.7111	34.3077	32.7182	34.9895	34.2638	32.7932	35.3557	31.2499	32.1309	32.6879	34.3325	33.0501	26.4959	29.7312	27.3418	34.8155	34.1394	33.4892	32.2722	
0.60135	75.8928	67.4602	25.2976	30.7185	22.4867	32.1969	38.9194	43.0059	25.2976	23.3004	33.1278	34.0967	33.8988	34.1986	33.5848	29.3778	34.4967	34.6938	35.2115	32.1085	32.3933	30.2983	32.6058	28.2579	30.9766	28.2738	34.1279	35.1866	29.9577	31.3004	30.2742	30.1162	29.9679	30.5837	31.347	40.2623	36.387	33.8988	34.8253	27.6993	31.7001	31.241	33.4821	31.4039	32.4036	31.9695	32.37	29.6914	31.4264	33.6023	33.8136	35.8587	33.4892	29.908	
0.651463	75.8928	71.6765	32.8869	37.9464	28.1084	51.7451	40.8653	27.8274	37.2023	37.2807	28.3092	26.9474	28.3333	32.7932	34.4571	33.0501	29.1306	37.2236	37.6045	31.1355	26.2231	33.2399	35.9788	37.9464	34.5906	32.9861	29.8321	34.0367	33.5082	39.6615	30.0668	31.7224	29.5787	26.2415	29.5138	32.2455	33.6146	32.8869	36.1394	34.584	31.7001	27.4312	31.1011	33.1486	30.2718	33.3595	34.9542	31.6886	31.4264	32.0692	33.4379	32.543	36.1394	35.9368	
0.701575	50.5952	25.2976	17.7083	25.2976	42.1626	41.3961	36.9734	36.2599	39.4345	36.6149	31.9232	25.8475	34.9107	34.1986	29.6593	35.0902	27.5974	37.9464	39.3138	27.2436	33.6273	33.2399	36.541	34.986	32.0092	30.7539	32.696	32.4269	33.5082	33.4443	36.4949	35.7379	33.0815	27.1855	28.9639	32.0674	38.1197	34.9107	34.1682	31.2217	33.2616	31.8506	32.4404	35.0386	34.5354	33.7765	34.2742	33.2863	33.904	33.0913	30.5575	31.5606	32.5254	29.1987	
0.751688	0	21.0813	20.2381	37.9464	32.3247	36.7965	39.8923	27.8274	25.2976	26.629	40.958	41.796	31.875	36.0725	30.9678	26.9297	29.8972	28.5501	42.3906	31.7841	32.7018	30.5924	34.2923	35.2552	25.8139	32.49	30.0707	29.6671	41.4969	33.6587	33.3845	34.734	31.3301	30.5837	29.8805	32.4237	35.8671	37.2718	37.9464	29.9408	32.9493	31.0886	31.1011	34.0209	34.9618	34.7495	32.098	29.2919	30.5136	35.0078	31.9351	32.9114	34.8143	31.4447	
0.8018	12.6488	29.5139	37.9464	28.9115	33.7301	35.6466	29.1895	35.4166	24.5535	31.2891	34.9348	32.4469	29.3452	36.541	30.9678	31.0099	26.4475	33.2482	27.3488	29.5138	22.521	36.7698	31.4814	35.2552	37.172	30.2579	27.2069	29.2072	33.952	33.8731	31.7257	37.7456	30.3571	24.92	31.1637	38.8371	34.481	30.1885	35.8109	30.4211	31.5439	34.5937	33.9285	33.5848	36.0988	29.1895	30.8739	36.7481	34.4256	36.4132	30.0566	30.7009	33.971	31.7994	
0.851912	37.9464	33.7301	25.2976	25.2976	33.7301	39.0963	22.3786	22.7678	32.7381	29.9577	32.5255	29.6972	34.4047	39.8203	37.0741	36.3143	38.713	39.3919	40.6813	33.7301	34.5528	30.5924	31.7625	33.9095	29.6859	39.1865	29.3548	31.507	37.2807	31.3004	36.4949	40.958	30.9409	31.9052	29.6972	32.78	34.481	30.1885	30.5542	31.2217	31.7001	31.6982	31.1011	34.7479	32.6879	29.0505	29.7859	35.4166	32.3392	35.6466	29.9313	36.2271	33.4892	33.4544	
0.902025	88.5416	29.5139	37.9464	27.1046	37.9464	39.0963	44.7573	32.8869	22.3214	32.6206	33.7301	37.9464	35.9226	31.8562	37.9464	35.4982	34.1134	29.6343	35.2115	33.7301	27.7657	35.8873	31.2003	32.833	37.6882	35.2182	32.696	34.2667	34.1739	32.8011	32.5551	30.9193	31.3301	36.0585	33.5468	32.0674	33.7879	28.502	30.0614	35.0644	32.9493	34.8985	32.4404	34.0209	30.9824	31.5525	31.962	31.2891	31.0352	31.4303	29.8061	29.9641	33.0073	35.464	
0.952137	37.9464	16.8651	30.3571	28.9115	30.9193	45.9956	42.8113	41.3194	27.5297	24.6319	30.7185	25.2976	30.8631	30.9193	33.5848	36.7223	34.4967	31.0799	34.5278	29.5138	31.4677	27.0625	35.4166	30.1418	29.4278	31.25	34.6052	30.3571	33.2863	31.7292	30.2742	30.317	26.2706	28.3182	32.0803	33.1363	34.8275	36.0912	32.854	30.1009	32.3247	32.6126	34.6726	33.1486	34.1091	31.2745	30.4659	30.7565	30.7744	36.541	35.9427	32.0518	33.2482	37.0008	
1.00225	0	16.8651	35.4166	21.6837	44.9735	36.7965	24.3246	37.1031	34.9702	35.2835	27.7069	28.5973	32.3809	34.6671	34.4571	37.1303	34.1134	33.6096	31.7929	36.9734	28.9997	33.8282	30.9193	35.7934	32.2673	34.4742	31.5027	33.1168	33.952	31.7292	32.7624	29.1123	28.8003	35.6809	32.2636	30.6421	35.3473	37.1031	32.5255	31.702	29.67	34.5937	34.2261	34.8933	36.383	37.1124	32.37	29.5582	31.948	32.5802	37.8212	33.4026	33.971	32.0358	
1.05236	37.9464	16.8651	45.5357	45.1743	33.7301	29.8972	40.8653	35.4166	32.7381	37.2807	45.7766	32.9969	30.8631	28.1084	32.7124	36.3143	28.364	29.9957	29.0581	30.8112	27.1486	32.0632	31.7625	33.3713	29.6859	27.7778	26.9682	37.4864	36.6149	28.299	35.6654	30.9193	34.6382	29.6397	29.3305	31.7111	29.9759	35.5853	32.6897	28.4998	29.3577	32.4602	34.5237	35.4748	33.967	35.0274	33.0501	31.9549	33.252	31.9414	31.0585	33.4026	32.6459	28.844	
1.10248	25.2976	33.7301	12.6488	52.4022	29.5139	18.3982	28.2165	37.9464	32.7381	39.2778	39.7534	35.7466	34.4047	30.9193	34.8932	37.9464	31.8136	31.0799	25.6395	35.0274	31.4677	35.8873	40.195	35.7934	33.8162	29.5139	27.4455	33.5768	28.8481	35.5882	31.7257	32.7263	41.2545	31.7164	32.4469	34.2052	31.1888	32.7182	31.5399	30.9015	31.5439	30.6315	33.1845	31.4039	30.556	30.7185	30.3299	30.224	35.7296	31.4303	27.4266	33.157	30.3571	30.7355	
1.15259	25.2976	16.8651	35.4166	46.9812	29.5139	26.4475	29.1895	32.8869	40.9226	33.2863	30.7185	31.897	26.3095	32.7932	32.2763	22.4414	35.2633	37.2236	39.3138	34.7031	31.1592	31.7691	29.5138	38.2155	36.3975	27.7778	33.6506	34.2667	35.0616	37.732	31.1036	29.3131	38.141	33.9818	34.83	33.6707	33.9612	30.8631	28.4187	29.9408	34.6671	31.3934	32.4404	36.4925	28.5663	34.3325	30.1939	29.6914	30.7744	28.6195	32.0603	33.0342	32.2845	30.7355	
1.2027	37.9464	21.0813	20.2381	41.5603	33.7301	35.6466	31.1355	29.5139	35.7142	29.2919	30.1162	37.9464	26.3095	23.4237	32.2763	31.418	25.6809	28.1887	27.0069	37.6221	34.8613	30.0041	34.0112	35.2552	32.7836	33.4821	34.3666	31.7369	31.0672	34.3019	26.9564	33.1278	32.3031	32.6603	36.6632	30.464	32.4017	32.5496	31.047	35.8649	36.2286	36.1177	30.5059	31.8401	33.8248	30.9965	33.0501	32.088	29.6008	28.4917	30.4323	33.2798	31.2003	31.4447	
1.25281	50.5952	54.8114	25.2976	36.1394	33.7301	28.7473	30.1625	29.5139	24.5535	31.9549	28.3092	34.6467	38.4523	37.0094	41.8719	25.7056	28.364	32.5255	36.9208	31.7841	33.9358	24.121	35.1355	31.7566	34.0743	33.9781	36.0372	31.277	36.6149	35.8026	31.1036	26.3015	32.4977	30.0173	32.8135	37.9464	32.9215	28.3333	32.854	31.3818	32.7932	32.9174	30.2083	28.2054	30.8403	33.9155	32.37	38.0795	32.6	32.3247	33.0622	32.0518	31.4413	33.4544	
1.30293	63.244	75.8928	32.8869	28.9115	42.1626	32.1969	34.0544	32.8869	31.994	39.2778	37.3441	25.2976	27.8273	29.5138	37.5102	36.3143	26.0642	32.5255	36.2371	39.568	34.8613	32.0632	32.8869	32.833	31.2348	31.002	37.7078	31.507	34.8397	34.7306	32.9698	33.9309	33.8599	29.6397	33.3635	29.9295	35.5206	35.7539	33.6754	31.0616	35.1355	32.6126	30.2083	27.333	34.5354	36.2784	34.6822	34.2183	38.0768	36.541	34.9408	30.8237	33.8506	32.154	
1.35304	50.5952	29.5139	40.4761	32.5255	36.541	25.2976	33.0815	35.4166	34.9702	37.2807	28.9115	35.1966	33.8988	33.7301	36.2017	27.7457	32.1969	29.2729	34.5278	38.9194	33.0103	40.2996	36.541	35.2552	33.0417	30.0099	36.0372	36.5665	35.0616	33.6587	33.7992	31.3208	29.9679	31.9052	26.5808	37.2338	31.3621	34.5734	32.5255	28.0195	29.8262	38.0988	30.8035	30.8224	32.9721	33.2205	32.234	30.0908	32.3392	35.9021	32.3108	32.4202	34.4529	34.0454	
1.40315	25.2976	21.0813	32.8869	32.5255	32.3247	34.4967	31.1355	26.9841	34.9702	35.9492	46.3789	26.9474	39.4642	38.4149	36.6379	31.418	31.4303	33.6096	35.2115	38.9194	27.1486	32.0632	33.449	37.9464	32.5255	31.002	30.3094	33.5768	35.5054	31.3004	34.836	33.9309	37.7518	31.7164	34.2801	30.9984	31.3621	35.7539	32.3612	28.3397	31.2316	30.0219	37.0535	34.1663	33.3985	31.5525	32.6421	33.2863	31.5568	30.4082	30.5575	36.7183	33.4892	33.5726	
1.45326	25.2976	16.8651	32.8869	41.5603	30.9193	50.5952	35.0274	20.2381	25.2976	43.2722	38.5487	33.5468	31.875	37.9464	31.8401	39.5785	37.5631	38.3078	35.8952	38.2707	29.3082	26.4742	26.1408	26.6432	28.1371	29.5139	36.5145	41.396	37.2807	33.8731	28.8227	35.3363	35.8058	30.2061	30.4304	29.5732	28.9363	27.8274	34.0039	35.8649	32.637	33.9842	34.8214	35.0386	35.5303	33.2205	37.2663	36.6149	32.3392	29.1306	30.5575	31.5606	28.9115	33.3361	
1.50338	25.2976	33.7301	25.2976	41.5603	49.1898	39.0963	27.2436	29.5139	31.994	30.6234	32.5255	32.9969	30.3571	37.4779	44.9251	36.3143	32.9635	31.0799	30.4255	34.0544	29.9252	23.5326	28.1084	30.4109	25.2976	26.5377	27.2069	29.4372	30.6234	27.6559	28.4079	30.7185	36.0004	34.9258	36.2965	32.4237	30.4957	26.4781	31.047	32.9829	33.1055	36.5749	33.4821	28.6415	33.1142	32.2475	31.962	35.8161	34.2952	31.3026	32.1856	28.9817	30.4776	31.6812	
1.55349	12.6488	16.8651	17.7083	45.1743	28.1084	27.5974	26.2706	33.7301	29.0178	33.952	31.3208	30.2471	37.4404	42.1626	34.0209	36.3143	34.4967	26.3818	20.1697	29.5138	28.3827	30.2983	26.4219	32.833	25.8139	28.7698	25.5363	28.5173	27.7386	23.1537	26.127	26.703	39.114	36.6249	33.9134	37.5901	34.481	27.8274	24.8048	31.8621	35.4478	35.8129	30.5059	28.06	29.1348	30.5795	34.6822	29.5582	34.556	28.2362	29.3052	30.0869	31.5617	32.9815	
1.6036	0	4.21627	32.8869	56.0161	33.7301	24.1477	38.9194	32.0436	26.7857	41.9407	36.1394	35.7466	33.8988	29.0454	37.0741	33.8661	32.5802	27.1046	23.2464	23.3516	32.3933	37.3581	36.2599	41.1759	29.9441	39.4345	34.6052	28.7472	27.0729	24.8688	24.0534	29.1123	37.9464	36.6249	39.4129	34.9178	31.7086	33.2242	32.5255	31.2217	36.2286	35.8129	33.0356	30.9678	31.4088	30.3015	34.6822	32.7537	31.948	30.536	33.9389	32.2974	33.2482	34.6365	
1.65371	12.6488	25.2976	43.0059	34.3324	35.1355	39.0963	28.2165	24.4543	30.5059	33.952	39.7534	28.0473	32.8869	31.8562	30.5316	29.3778	25.6809	29.2729	36.579	38.595	44.1165	47.0653	44.6924	37.4081	49.3045	49.6031	45.1061	37.0264	32.3987	36.0169	29.2374	30.1162	35.222	34.3594	34.2801	38.659	33.4413	35.248	27.9259	29.9408	34.0424	31.6982	34.6726	29.3685	30.4139	31.5525	32.6421	35.9492	36.1208	33.3468	32.937	34.0166	30.9594	32.2722	
1.70382	25.2976	37.9464	27.8273	66.8579	43.5681	25.2976	20.4327	28.6706	28.2738	33.2863	36.1394	39.5962	26.3095	28.5769	27.9146	31.0099	34.1134	33.971	36.2371	37.2977	52.4462	50.8893	42.7248	36.6008	35.8813	49.1071	52.0272	52.8949	40.3874	37.9464	26.7491	26.9038	24.9084	32.4715	32.8135	30.9984	33.4413	34.4047	29.4043	34.1037	31.3877	30.7839	33.0356	27.333	31.1245	30.9965	33.0501	36.4818	37.0336	33.9856	31.0585	33.5254	32.405	33.2179	
1.75394	12.6488	59.0277	22.7678	57.8231	33.7301	31.047	17.5137	32.0436	31.25	43.2722	40.958	34.6467	35.9226	26.703	23.9891	30.1939	31.047	43.3673	45.4673	42.487	43.808	24.7093	8.43253	2.96036	1.80697	11.1607	24.1043	41.856	47.4885	45.6643	38.7758	31.9232	24.9084	24.5424	37.9464	32.2455	32.575	37.7777	33.6754	29.6206	30.6069	32.003	37.3511	27.333	27.2873	28.9115	31.282	32.6206	35.208	33.9856	35.4417	32.9114	34.5733	32.9815	
1.80405	25.2976	42.1627	53.1249	28.9115	36.541	27.5974	28.2165	32.8869	29.7619	42.6065	33.7301	28.0473	41.994	37.4779	33.1486	37.1303	36.0299	43.3673	45.4673	35.0274	8.3297	0	0	0	0	0	0.71597	16.7884	41.7188	52.0959	41.6788	36.1394	26.6598	28.1294	29.5138	32.2455	31.8819	36.4285	34.9895	33.6234	29.2015	35.9653	32.4404	34.1663	31.9773	35.7224	34.1382	33.4194	29.2096	34.4967	35.066	30.4553	28.4297	33.9272	
1.85416	12.6488	25.2976	25.2976	32.5255	39.3518	29.8972	33.0815	27.8274	29.0178	43.9379	40.3557	35.7466	30.8631	31.8562	25.7338	37.1303	29.5139	49.1496	43.758	15.2434	0	0	0	0	0	0	0	1.37987	19.9718	45.8787	44.7892	37.9464	29.3841	28.1294	26.2142	26.9009	34.8275	40.4762	38.1107	31.3818	28.1084	33.2222	26.3392	31.1132	34.6776	34.7495	31.01	27.9605	36.7728	31.8136	29.6809	34.7535	33.8506	32.3904	
1.90427	12.6488	25.2976	27.8273	41.5603	40.7572	39.0963	40.8653	44.6924	39.4345	40.6093	35.5371	38.4963	35.4166	29.9823	34.8932	31.826	41.3961	43.3673	41.0231	3.89194	0	0	0	0	0	0	0	0	7.5449	37.5177	39.1905	38.348	31.9139	28.6958	26.3975	31.1766	35.8671	31.369	38.6035	30.261	30.1385	35.3557	34.2261	29.2231	31.9773	40.0314	34.1382	31.2891	31.8176	30.4082	33.8136	34.3851	31.3208	29.6715	
1.95439	25.2976	25.2976	35.4166	45.1743	29.5139	36.7965	35.0274	35.4166	34.9702	23.9661	28.3092	31.347	32.8869	29.9823	34.4571	30.1939	36.4132	40.1147	24.6139	0.648656	0	0	0	0	0	0	0	0	3.10672	23.3681	38.1537	32.3247	36.195	27.1855	26.9474	31.8892	30.669	29.8512	35.4823	30.5813	35.7602	34.2889	32.738	31.5493	30.8403	31.1355	33.0501	31.0228	28.4272	33.7301	33.6884	31.0694	29.9957	34.0454	
2.0045	50.5952	16.8651	25.2976	30.7185	32.3247	36.7965	36.9734	36.2599	26.7857	23.9661	25.2976	32.4469	30.8631	27.64	35.7656	22.8494	37.5631	33.971	21.879	0.324328	0	0	0	0	0	0	0	0	1.10954	18.0085	37.9464	38.7495	33.8599	32.2827	31.5303	33.8489	32.7483	36.2599	33.6754	29.1403	33.1055	33.6794	33.3333	32.1309	32.1194	28.0776	35.2262	34.2183	36.2512	27.8529	30.808	32.7886	29.8752	34.9911	
2.05461	37.9464	25.2976	27.8273	28.9115	35.1355	37.9464	29.1895	32.0436	29.0178	31.2891	39.151	31.347	39.9702	29.0454	34.8932	35.0902	32.9635	41.5603	16.4093	0	0	0	0	0	0	0	0	0	1.10954	16.2934	36.9096	42.3634	39.6978	26.8079	30.4304	32.6018	36.7335	39.4642	35.1538	34.2638	26.5468	32.3078	34.9702	30.0954	30.9824	30.1625	27.3377	34.7509	36.7728	32.9635	36.6941	32.543	28.4297	30.499	
2.10473	25.2976	16.8651	30.3571	30.7185	26.703	32.1969	34.0544	34.5734	41.6666	32.6206	42.1627	34.6467	32.3809	23.4237	28.3508	31.418	43.6958	39.0306	13.6744	0	0	0	0	0	0	0	0	0	0.221909	14.3639	31.5183	38.348	33.0815	32.2827	29.3305	30.9984	36.7335	36.4285	38.4392	30.5813	29.2015	34.1365	32.5892	30.677	32.1194	31.5525	32.234	34.884	32.4696	37.3075	31.5594	32.7886	28.4297	33.6908	
2.15484	37.9464	63.244	58.1845	39.7534	44.9735	40.2462	33.0815	31.2004	34.2261	42.6065	43.9696	41.2461	30.8631	29.5138	33.1486	31.418	44.4624	32.5255	10.2558	0	0	0	0	0	0	0	0	0	0	11.3625	34.4213	34.9348	35.6112	30.0173	31.897	32.6018	33.9612	34.2361	36.7965	30.1009	27.6399	30.3267	36.6071	35.3294	31.9773	33.0815	33.1861	38.7453	32.0784	30.9193	30.0566	34.6307	31.8027	35.9368	
2.20495	25.2976	33.7301	43.0059	36.1394	30.9193	37.9464	27.2436	22.7678	28.2738	38.6121	33.1278	38.4963	29.3452	31.8562	35.7656	36.7223	28.364	29.2729	8.20463	0.324328	0	0	0	0	0	0	0	0	0	8.14669	36.4949	37.1433	34.8328	29.0733	27.3141	27.4354	28.5898	34.0674	34.1682	30.1009	33.4178	31.241	32.4404	33.294	33.6827	30.8575	31.282	33.952	33.252	36.1577	31.9351	31.6834	35.1757	30.1444	
2.25506	25.2976	16.8651	55.6547	39.7534	28.1084	37.9464	30.1625	25.2976	36.4583	34.6178	34.3325	26.3975	25.2976	24.3606	36.2017	39.1705	34.4967	28.1887	11.2814	0	0	0	0	0	0	0	0	0	0	11.7913	32.9698	34.3325	33.2761	30.0173	26.3975	28.5043	29.4561	34.9107	36.3037	30.4211	28.7331	29.8695	34.6726	31.4039	34.5354	32.9425	29.9219	31.5554	28.2968	33.219	33.5632	31.8062	33.7301	31.5629	
2.30518	37.9464	8.43253	22.7678	41.5603	33.7301	32.1969	36.0004	35.4166	31.994	35.2835	36.7417	31.897	23.2738	36.0725	40.1272	27.7457	26.8308	22.045	6.49533	0	0	0	0	0	0	0	0	0	0.221909	13.7207	28.2006	33.7301	31.5247	26.4303	28.7806	31.8892	33.0948	32.8869	32.1969	33.7835	31.2316	30.3267	33.3333	34.4571	32.5457	30.9965	33.4581	33.8189	33.6432	32.4525	37.5707	36.3499	36.7417	30.3808	
2.35529	25.2976	16.8651	43.0059	16.2627	36.541	34.4967	32.1085	26.9841	31.25	28.6262	38.5487	34.6467	31.875	29.0454	29.2231	30.6019	30.6637	24.5748	6.83719	0	0	0	0	0	0	0	0	0	0	8.36108	33.7992	34.3325	29.1895	31.5276	32.2636	32.78	37.7731	26.9841	31.2113	37.3059	32.1685	30.7839	31.8452	33.294	31.5509	31.6915	31.554	35.2835	32.2088	30.6637	28.679	31.929	30.9594	32.9815	
2.4054	0	29.5139	32.8869	32.5255	33.7301	22.9978	13.6218	25.2976	26.0416	38.6121	32.5255	36.8465	28.8393	29.0454	33.5848	30.1939	29.1306	26.7432	11.2814	0	0	0	0	0	0	0	0	0	0	9.21862	29.6521	30.5177	27.8274	32.8491	31.5303	34.7396	32.575	34.5734	33.5111	36.6655	33.8863	35.9653	30.2083	37.0741	31.2666	31.4135	29.2418	31.5554	33.6432	32.0692	30.808	29.9641	33.2482	31.7994	
2.45551	12.6488	21.0813	27.8273	41.5603	33.7301	31.047	28.2165	20.2381	27.5297	35.2835	37.9464	32.9969	26.3095	29.9823	24.8614	30.1939	29.5139	24.9362	9.57206	0	0	0	0	0	0	0	0	0	0	12.22	28.2006	33.5294	28.8003	30.0173	27.3141	30.1077	34.8275	35.0793	35.9751	36.9857	32.4808	34.2889	31.994	31.2585	35.9566	31.8305	33.4581	33.6857	32.6	31.9414	33.9389	29.5957	31.4413	33.2179	
2.50563	25.2976	16.8651	27.8273	41.5603	43.5681	32.1969	27.2436	29.5139	32.7381	36.6149	38.5487	38.4963	31.369	24.3606	31.8401	28.5618	27.2141	32.5255	7.86277	0	0	0	0	0	0	0	0	0	0	10.0762	26.9564	29.5139	29.3841	30.5837	27.1307	33.4926	33.6146	34.0674	34.3324	33.3031	33.4178	30.1743	31.1011	29.5139	32.83	30.9965	34.5462	34.6178	32.0784	34.1134	35.6922	30.3325	33.0073	30.3808	
2.55574	25.2976	21.0813	22.7678	32.5255	40.7572	29.8972	37.9464	31.2004	20.8333	29.9577	31.9232	34.0967	29.3452	25.7661	25.7338	21.6254	25.6809	20.2381	8.20463	0	0	0	0	0	0	0	0	0	0	12.0056	32.3477	27.5061	30.3571	27.9406	26.0308	26.7228	29.2828	30.8631	32.854	29.6206	31.7001	29.5647	31.5476	27.6238	32.6879	33.6375	31.554	34.7509	31.0352	32.3247	34.0641	33.4026	32.405	31.9176	
2.60585	12.6488	29.5139	17.7083	37.9464	36.541	44.8457	44.7573	27.8274	33.4821	35.2835	39.151	28.0473	22.7678	33.2616	25.7338	30.6019	23.3811	21.6836	5.46975	0	0	0	0	0	0	0	0	0	0	8.57546	27.5785	28.1084	29.9679	25.864	25.8475	22.8035	29.8027	27.8274	34.0039	30.261	29.2015	29.5647	33.3333	32.1309	34.1091	34.4715	33.7301	33.5526	32.7304	32.0692	31.9351	33.5254	34.212	32.6269	
2.65596	25.2976	16.8651	37.9464	21.6837	22.4867	32.1969	35.0274	37.9464	30.5059	31.2891	29.5139	34.0967	31.369	25.2976	25.7338	30.1939	21.8479	19.5153	7.52091	0	0	0	0	0	0	0	0	0	0	8.57546	24.0534	25.2976	25.2976	27.563	24.1977	24.585	24.6045	30.3571	29.2401	32.5026	34.6671	28.0407	30.5059	30.2408	32.6879	33.6375	33.1861	29.2919	32.2088	30.4082	27.9276	28.6133	27.4659	31.3265	
2.70608	25.2976	16.8651	35.4166	37.9464	12.6488	29.8972	37.9464	31.2004	29.0178	22.6347	34.3325	35.7466	25.8035	27.1715	27.4784	23.6655	31.047	18.4311	6.83719	0	0	0	0	0	0	0	0	0	0.221909	10.5049	27.1638	28.9115	26.2706	28.507	26.0308	22.9816	24.258	26.6468	28.2544	32.3425	34.9794	35.0509	30.9523	31.2585	28.4242	33.0815	33.4581	29.6914	32.7304	31.8136	28.679	33.6482	31.0799	30.1444	
2.75619	37.9464	33.7301	37.9464	32.5255	28.1084	31.047	25.2976	34.5734	34.2261	23.9661	39.151	25.8475	24.7916	30.4508	22.6806	28.9698	21.8479	18.4311	6.49533	0	0	0	0	0	0	0	0	0	0	8.57546	23.224	26.3015	26.6598	26.9967	26.3975	25.4757	30.3225	34.0674	33.5111	31.3818	31.8562	29.5647	32.4404	34.6025	35.9566	29.7455	37.1303	37.4138	34.1648	32.1969	31.4342	34.7535	33.3687	30.3808	
2.8063	25.2976	46.3789	25.2976	25.2976	25.2976	20.698	33.0815	32.0436	17.8571	22.6347	26.5022	28.5973	38.4523	25.2976	25.2976	25.7056	23.3811	14.8172	4.10231	0	0	0	0	0	0	0	0	0	0	8.57546	23.4314	25.2976	25.6868	29.0733	28.9639	23.3379	28.9363	31.2004	27.9259	31.5419	27.1715	29.7171	35.7142	32.8578	31.693	34.1935	30.3299	32.4874	29.2096	35.7744	31.4342	28.1221	35.4166	38.6557	
2.85641	0	21.0813	35.4166	21.6837	25.2976	28.7473	35.0274	34.5734	23.0654	33.952	22.8883	21.9979	21.7559	29.5138	30.5316	31.418	19.9314	13.3716	6.49533	0.324328	0	0	0	0	0	0	0	0	0	7.9323	24.4681	29.5139	29.3841	22.6546	24.381	26.0102	26.164	31.5377	32.3612	25.7779	28.4207	32.9174	35.2678	35.4748	33.6827	34.3325	31.69	30.8897	30.3832	33.0913	28.4285	33.8938	34.6938	33.6908	
2.90653	25.2976	33.7301	17.7083	19.8767	26.703	36.7965	23.3516	37.9464	33.4821	28.6262	27.7069	18.6982	21.7559	25.7661	22.6806	29.3778	22.9978	13.3716	3.41859	0	0	0	0	0	0	0	0	0	0	10.0762	23.6387	22.4868	24.3246	19.4452	25.6642	27.2572	27.7234	29.0079	31.3756	28.1796	25.6099	30.9362	31.8452	31.9855	34.8197	29.6065	33.5941	32.2211	29.7312	31.047	31.8099	34.1394	30.9594	32.7451	
2.95664	50.5952	16.8651	43.0059	32.5255	25.2976	24.1477	35.0274	26.9841	29.0178	24.6319	31.3208	23.6477	20.744	29.9823	19.1913	23.6655	20.3147	17.3469	1.7093	0	0	0	0	0	0	0	0	0	0.443817	10.9337	27.5785	25.8999	22.7678	29.0733	24.7476	28.6825	27.0303	29.6825	32.0327	29.6206	28.5769	37.0321	32.1428	29.5139	35.3882	27.7996	33.3221	29.4251	35.0776	33.9856	31.0585	31.6834	33.1278	33.2179	
3.00675	25.2976	29.5139	37.9464	36.1394	23.8922	31.047	34.0544	32.8869	34.2261	29.2919	27.7069	21.9979	26.8154	26.2345	19.6275	19.5852	20.698	16.2627	4.44417	0	0	0	0	0	0	0	0	0	0	10.7193	25.0902	25.6992	27.8274	23.9761	22.9145	25.832	27.5501	25.9722	30.8828	28.82	27.1715	31.6982	29.0178	33.294	33.5406	29.8845	34.0021	30.8897	33.252	34.3689	35.1912	37.0867	30.598	33.4544	
3.05686	63.244	25.2976	35.4166	21.6837	28.1084	27.5974	25.2976	27.8274	21.5774	27.9605	28.9115	31.347	26.3095	21.0813	27.9146	19.5852	16.8651	12.2874	6.49533	0	0	0	0	0	0	0	0	0	0	7.71792	27.9932	27.5061	26.6598	22.277	21.9979	26.3665	23.9114	25.9722	26.2832	28.6599	29.67	31.3934	35.2678	34.0209	35.1039	31.1355	30.0579	32.7537	34.0344	32.5802	35.9427	32.1746	31.9231	32.154	
3.10698	50.5952	25.2976	22.7678	36.1394	29.5139	24.1477	20.4327	22.7678	22.3214	25.2976	29.5139	30.7971	24.7916	25.7661	16.5743	16.321	18.015	12.6488	2.73488	0	0	0	0	0	0	0	0	0	0	10.2906	24.6755	29.1123	26.4652	25.6752	23.2811	27.7917	26.857	29.3452	32.6897	31.0616	28.4207	33.8318	34.3749	36.0564	35.6724	31.9695	28.4258	34.0852	32.3392	35.5188	34.8155	31.1922	32.2845	31.0901	
3.15709	12.6488	33.7301	27.8273	30.7185	33.7301	29.8972	23.3516	18.5516	29.7619	35.9492	28.3092	26.9474	24.2857	20.1444	18.319	18.7692	16.8651	14.0944	3.07673	0	0	0	0	0	0	0	0	0	0.221909	7.71792	23.4314	25.6992	23.7408	20.5779	24.1977	25.832	30.3225	33.3928	37.6178	32.9829	29.5138	34.4413	33.4821	37.801	31.9773	26.4096	31.282	35.0172	31.948	31.6859	35.6922	33.5254	29.2729	28.4894	
3.2072	0	25.2976	30.3571	39.7534	30.9193	32.1969	24.3246	17.7083	24.5535	24.6319	22.8883	28.0473	30.3571	22.4867	16.1381	15.505	18.3982	14.8172	3.76045	0	0	0	0	0	0	0	0	0	0	7.50353	20.5284	31.7224	25.103	24.92	24.5643	26.7228	28.9363	32.7182	31.5399	34.1037	29.8262	32.3078	33.3333	30.3862	32.83	31.6915	35.7703	31.2891	34.1648	29.5138	32.937	34.1394	35.0552	34.1636	
3.25731	25.2976	25.2976	20.2381	23.4906	28.1084	33.3468	24.3246	25.2976	19.3452	23.3004	25.8999	20.898	22.7678	14.0542	15.702	14.6889	14.5653	10.4804	3.07673	0	0	0	0	0	0	0	0	0	0	8.14669	24.0534	26.9038	31.3301	30.0173	25.6642	22.8035	31.3621	33.0555	33.5111	30.7414	28.1084	30.3267	36.4583	33.5848	36.5251	32.3865	33.5941	31.5554	32.2088	31.5581	32.4361	32.4202	33.4892	34.0454	
3.30743	0	12.6488	40.4761	25.2976	15.4596	26.4475	31.1355	29.5139	21.5774	32.6206	24.6953	20.898	23.2738	19.2074	20.0636	15.505	16.0985	10.8418	1.7093	0.324328	0	0	0	0	0	0	0	0	0.443817	9.86178	24.6755	30.5177	27.6328	23.9761	24.0144	25.832	32.0552	25.9722	28.583	30.9015	28.1084	32.765	33.6309	31.2585	34.1091	30.7185	27.2017	33.02	31.0352	30.536	30.808	31.8062	33.3687	37.119	
3.35754	37.9464	21.0813	22.7678	34.3324	21.0813	27.5974	31.1355	28.6706	27.5297	30.6234	26.5022	26.3975	21.25	17.3335	16.1381	12.6488	13.4154	9.75764	3.07673	0	0	0	0	0	0	0	0	0	0.443817	11.7913	20.321	31.1201	30.9409	31.5276	29.3305	26.9009	27.7234	30.6944	31.047	33.4633	32.637	29.8695	34.0773	30.3862	29.9876	30.4405	30.6019	30.3571	29.34	29.8971	28.8042	29.7185	30.2366	28.844	
3.40765	25.2976	29.5139	32.8869	18.0697	30.9193	36.7965	24.3246	24.4543	29.7619	30.6234	18.672	26.3975	21.25	21.5498	16.5743	10.6087	11.1156	7.95067	4.10231	0	0	0	0	0	0	0	0	0	0.221909	6.00282	26.127	29.7146	26.076	25.1088	26.7641	29.5732	31.3621	33.5615	29.7329	33.4633	31.3877	32.6126	32.4404	29.6593	28.9927	36.5564	29.7859	33.6857	38.2072	34.2412	33.8136	32.1746	26.3818	27.5437	
3.45776	0	16.8651	22.7678	21.6837	29.5139	32.1969	25.2976	14.3353	20.8333	24.6319	19.8767	20.3481	23.7797	16.3966	20.0636	15.0969	10.7323	9.39625	2.39302	0	0	0	0	0	0	0	0	0	0	9.00424	25.2976	25.0968	25.8814	27.1855	27.864	32.78	30.1492	33.2242	32.6897	32.0223	32.4808	31.5458	32.1428	34.7479	36.0988	33.2205	35.6342	33.2863	35.86	32.3247	33.0622	33.6482	32.405	34.0454	
3.50787	37.9464	25.2976	22.7678	28.9115	22.4867	27.5974	24.3246	21.9246	23.8095	21.3032	21.6837	25.2976	15.1786	22.9552	16.1381	13.8729	11.1156	11.5646	2.39302	0	0	0	0	0	0	0	0	0	0	8.57546	24.8829	22.6875	28.022	30.3949	29.8805	30.2858	30.3225	31.0317	34.4967	36.8256	34.1986	34.8985	31.5476	35.3294	36.0988	39.3364	37.1303	31.2891	34.8168	36.1577	35.3165	35.7359	32.0436	33.6908	
3.55799	25.2976	21.0813	20.2381	23.4906	21.0813	22.9978	20.4327	16.0218	23.0654	21.3032	25.2976	21.9979	17.7083	16.8651	16.1381	11.4247	12.2655	9.39625	2.73488	0	0	0	0	0	0	0	0	0	0.221909	9.43301	24.8829	27.9077	21.6003	31.9052	36.4799	31.3547	31.0156	37.4404	35.4823	33.4633	32.0124	30.6315	33.3333	33.5848	32.6879	35.5834	31.282	30.8897	32.4696	29.5138	35.066	30.5781	33.1278	33.5726	
3.6081	12.6488	16.8651	15.1786	25.2976	30.9193	26.4475	22.3786	15.1786	25.2976	23.9661	19.2744	15.3985	21.25	15.9281	16.5743	12.6488	9.58242	4.33673	3.41859	0	0	0	0	0	0	0	0	0	0	10.7193	23.4314	28.7108	33.8599	30.2061	32.9968	33.1363	32.7483	33.7301	31.8684	30.4211	29.9823	33.0698	30.9523	33.8755	29.5612	30.7185	32.098	32.3543	31.1656	28.4917	30.307	30.7009	31.4413	31.7994	
3.65821	12.6488	16.8651	22.7678	27.1046	16.8651	29.8972	27.2436	20.2381	23.0654	26.629	13.2511	20.898	23.7797	15.4596	11.7765	11.8327	11.8822	6.50509	1.02558	0	0	0	0	0	0	0	0	0	0	7.9323	22.8093	26.9038	30.1625	29.6397	31.5303	34.7396	27.8967	28.1647	30.2257	32.1824	29.2015	33.2222	30.6547	35.7656	30.8403	30.3015	34.4102	33.2863	29.34	35.6466	30.307	29.4729	34.0915	30.499	
3.70833	0	29.5139	22.7678	32.5255	21.0813	32.1969	23.3516	16.0218	19.3452	15.9774	18.672	19.2482	16.1905	16.3966	10.9041	15.913	10.7323	9.75764	1.7093	0	0	0	0	0	0	0	0	0	0	6.21721	19.4916	31.1201	32.3031	31.9052	33.5468	30.2858	28.9363	35.9226	34.8253	31.702	27.3276	31.6982	29.4642	27.4784	31.693	35.0274	35.7703	38.479	30.3832	32.708	31.8099	32.543	30.9594	29.0805	
3.75844	0	12.6488	25.2976	25.2976	26.703	17.2484	20.4327	23.6111	28.2738	17.9746	19.8767	21.448	7.58928	18.739	15.702	9.79261	9.96572	11.5646	3.07673	0	0	0	0	0	0	0	0	0	0.221909	9.00424	22.8093	23.4906	24.9084	29.2621	32.9968	29.3951	35.1741	36.2599	32.1969	33.143	34.1986	31.6982	31.1011	35.184	31.1245	34.0545	34.8182	31.6886	30.1224	35.6466	34.0641	34.2622	37.1031	34.5183	
3.80855	25.2976	12.6488	30.3571	12.6488	26.703	31.047	18.4867	15.1786	23.8095	20.6375	19.8767	12.6488	17.2024	13.5857	12.2126	11.4247	9.96572	9.39625	2.73488	0	0	0	0	0	0	0	0	0	0.221909	6.86037	22.3946	26.1007	30.5517	28.8846	28.0473	31.1766	30.669	35.5853	33.5111	34.584	31.5439	37.3368	34.2261	32.567	30.4139	31.5525	32.9141	31.5554	32.6	28.2362	33.1875	32.6658	31.8027	30.6172	
3.85866	25.2976	29.5139	12.6488	23.4906	33.7301	17.2484	26.2706	25.2976	22.3214	18.6403	18.672	17.5983	14.6726	20.6128	11.3403	8.56854	11.4989	8.31206	1.02558	0	0	0	0	0	0	0	0	0	0.221909	6.86037	20.5284	25.0968	24.7138	32.2827	34.83	36.343	30.669	35.5853	34.0039	32.0223	28.1084	31.8506	35.5654	31.9855	28.5663	33.9155	31.01	31.5554	33.904	30.0249	35.9427	31.8062	30.1162	31.9176	
3.90878	25.2976	21.0813	27.8273	25.2976	23.8922	19.5481	26.2706	10.9623	16.369	22.6347	19.8767	18.6982	18.7202	17.3335	13.9573	9.79261	6.51605	6.50509	2.05116	0	0	0	0	0	0	0	0	0	0	6.4316	22.3946	25.2976	26.8544	26.9967	32.8135	26.0102	32.0552	30.5258	29.4043	32.0223	28.1084	33.6794	37.2023	33.4394	36.2409	35.7224	30.3299	32.4874	32.4696	35.7744	34.1894	32.4202	30.2366	28.3712	
3.95889	12.6488	29.5139	7.58928	14.4558	26.703	25.2976	16.5407	10.9623	21.5774	17.9746	25.8999	17.0484	15.6845	16.3966	17.8828	10.6087	11.4989	7.22788	2.73488	0	0	0	0	0	0	0	0	0	0	9.00424	24.4681	22.286	25.2976	27.9406	24.0144	30.464	27.8967	31.875	30.7185	37.6262	30.7631	30.1743	33.4821	34.6025	36.383	31.2745	31.962	33.2863	35.3384	31.8136	36.0679	30.5781	29.9957	33.6908	
