     1      2 B-N     1.45000
     2     61 B-N     1.44950
     2    119 B-N     1.44950
     3      4 B-N     1.45000
     4     61 B-N     1.44950
     4     63 B-N     1.44950
     5      6 B-N     1.45000
     6     63 B-N     1.44950
     6     65 B-N     1.44950
     7      8 B-N     1.45000
     8     65 B-N     1.44950
     8     67 B-N     1.44950
     9     10 B-N     1.45000
    10     67 B-N     1.44950
    10     69 B-N     1.44950
    11     12 B-N     1.45000
    12     69 B-N     1.44950
    12     71 B-N     1.44950
    13     14 B-N     1.45000
    14     71 B-N     1.44950
    14     73 B-N     1.44950
    15     16 B-N     1.45000
    16     73 B-N     1.44950
    16     75 B-N     1.44950
    17     18 B-N     1.45000
    18     75 B-N     1.44950
    18     77 B-N     1.44950
    19     20 B-N     1.45000
    20     77 B-N     1.44950
    20     79 B-N     1.44950
    21     22 B-N     1.45000
    22     79 B-N     1.44950
    22     81 B-N     1.44950
    23     24 B-N     1.45000
    24     81 B-N     1.44950
    24     83 B-N     1.44950
    25     26 B-N     1.45000
    26     83 B-N     1.44950
    26     85 B-N     1.44950
    27     28 B-N     1.45000
    28     85 B-N     1.44950
    28     87 B-N     1.44950
    29     30 B-N     1.45000
    30     87 B-N     1.44950
    30     89 B-N     1.44950
    31     32 B-N     1.45000
    32     89 B-N     1.44950
    32     91 B-N     1.44950
    33     34 B-N     1.45000
    34     91 B-N     1.44950
    34     93 B-N     1.44950
    35     36 B-N     1.45000
    36     93 B-N     1.44950
    36     95 B-N     1.44950
    37     38 B-N     1.45000
    38     95 B-N     1.44950
    38     97 B-N     1.44950
    39     40 B-N     1.45000
    40     97 B-N     1.44950
    40     99 B-N     1.44950
    41     42 B-N     1.45000
    42     99 B-N     1.44950
    42    101 B-N     1.44950
    43     44 B-N     1.45000
    44    101 B-N     1.44950
    44    103 B-N     1.44950
    45     46 B-N     1.45000
    46    103 B-N     1.44950
    46    105 B-N     1.44950
    47     48 B-N     1.45000
    48    105 B-N     1.44950
    48    107 B-N     1.44950
    49     50 B-N     1.45000
    50    107 B-N     1.44950
    50    109 B-N     1.44950
    51     52 B-N     1.45000
    52    109 B-N     1.44950
    52    111 B-N     1.44950
    53     54 B-N     1.45000
    54    111 B-N     1.44950
    54    113 B-N     1.44950
    55     56 B-N     1.45000
    56    113 B-N     1.44950
    56    115 B-N     1.44950
    57     58 B-N     1.45000
    58    115 B-N     1.44950
    58    117 B-N     1.44950
    59     60 B-N     1.45000
    60    117 B-N     1.44950
    60    119 B-N     1.44950
    61     62 B-N     1.45000
    62    121 B-N     1.44950
    62    179 B-N     1.44950
    63     64 B-N     1.45000
    64    121 B-N     1.44950
    64    123 B-N     1.44950
    65     66 B-N     1.45000
    66    123 B-N     1.44950
    66    125 B-N     1.44950
    67     68 B-N     1.45000
    68    125 B-N     1.44950
    68    127 B-N     1.44950
    69     70 B-N     1.45000
    70    127 B-N     1.44950
    70    129 B-N     1.44950
    71     72 B-N     1.45000
    72    129 B-N     1.44950
    72    131 B-N     1.44950
    73     74 B-N     1.45000
    74    131 B-N     1.44950
    74    133 B-N     1.44950
    75     76 B-N     1.45000
    76    133 B-N     1.44950
    76    135 B-N     1.44950
    77     78 B-N     1.45000
    78    135 B-N     1.44950
    78    137 B-N     1.44950
    79     80 B-N     1.45000
    80    137 B-N     1.44950
    80    139 B-N     1.44950
    81     82 B-N     1.45000
    82    139 B-N     1.44950
    82    141 B-N     1.44950
    83     84 B-N     1.45000
    84    141 B-N     1.44950
    84    143 B-N     1.44950
    85     86 B-N     1.45000
    86    143 B-N     1.44950
    86    145 B-N     1.44950
    87     88 B-N     1.45000
    88    145 B-N     1.44950
    88    147 B-N     1.44950
    89     90 B-N     1.45000
    90    147 B-N     1.44950
    90    149 B-N     1.44950
    91     92 B-N     1.45000
    92    149 B-N     1.44950
    92    151 B-N     1.44950
    93     94 B-N     1.45000
    94    151 B-N     1.44950
    94    153 B-N     1.44950
    95     96 B-N     1.45000
    96    153 B-N     1.44950
    96    155 B-N     1.44950
    97     98 B-N     1.45000
    98    155 B-N     1.44950
    98    157 B-N     1.44950
    99    100 B-N     1.45000
   100    157 B-N     1.44950
   100    159 B-N     1.44950
   101    102 B-N     1.45000
   102    159 B-N     1.44950
   102    161 B-N     1.44950
   103    104 B-N     1.45000
   104    161 B-N     1.44950
   104    163 B-N     1.44950
   105    106 B-N     1.45000
   106    163 B-N     1.44950
   106    165 B-N     1.44950
   107    108 B-N     1.45000
   108    165 B-N     1.44950
   108    167 B-N     1.44950
   109    110 B-N     1.45000
   110    167 B-N     1.44950
   110    169 B-N     1.44950
   111    112 B-N     1.45000
   112    169 B-N     1.44950
   112    171 B-N     1.44950
   113    114 B-N     1.45000
   114    171 B-N     1.44950
   114    173 B-N     1.44950
   115    116 B-N     1.45000
   116    173 B-N     1.44950
   116    175 B-N     1.44950
   117    118 B-N     1.45000
   118    175 B-N     1.44950
   118    177 B-N     1.44950
   119    120 B-N     1.45000
   120    177 B-N     1.44950
   120    179 B-N     1.44950
   121    122 B-N     1.45000
   122    181 B-N     1.44950
   122    239 B-N     1.44950
   123    124 B-N     1.45000
   124    181 B-N     1.44950
   124    183 B-N     1.44950
   125    126 B-N     1.45000
   126    183 B-N     1.44950
   126    185 B-N     1.44950
   127    128 B-N     1.45000
   128    185 B-N     1.44950
   128    187 B-N     1.44950
   129    130 B-N     1.45000
   130    187 B-N     1.44950
   130    189 B-N     1.44950
   131    132 B-N     1.45000
   132    189 B-N     1.44950
   132    191 B-N     1.44950
   133    134 B-N     1.45000
   134    191 B-N     1.44950
   134    193 B-N     1.44950
   135    136 B-N     1.45000
   136    193 B-N     1.44950
   136    195 B-N     1.44950
   137    138 B-N     1.45000
   138    195 B-N     1.44950
   138    197 B-N     1.44950
   139    140 B-N     1.45000
   140    197 B-N     1.44950
   140    199 B-N     1.44950
   141    142 B-N     1.45000
   142    199 B-N     1.44950
   142    201 B-N     1.44950
   143    144 B-N     1.45000
   144    201 B-N     1.44950
   144    203 B-N     1.44950
   145    146 B-N     1.45000
   146    203 B-N     1.44950
   146    205 B-N     1.44950
   147    148 B-N     1.45000
   148    205 B-N     1.44950
   148    207 B-N     1.44950
   149    150 B-N     1.45000
   150    207 B-N     1.44950
   150    209 B-N     1.44950
   151    152 B-N     1.45000
   152    209 B-N     1.44950
   152    211 B-N     1.44950
   153    154 B-N     1.45000
   154    211 B-N     1.44950
   154    213 B-N     1.44950
   155    156 B-N     1.45000
   156    213 B-N     1.44950
   156    215 B-N     1.44950
   157    158 B-N     1.45000
   158    215 B-N     1.44950
   158    217 B-N     1.44950
   159    160 B-N     1.45000
   160    217 B-N     1.44950
   160    219 B-N     1.44950
   161    162 B-N     1.45000
   162    219 B-N     1.44950
   162    221 B-N     1.44950
   163    164 B-N     1.45000
   164    221 B-N     1.44950
   164    223 B-N     1.44950
   165    166 B-N     1.45000
   166    223 B-N     1.44950
   166    225 B-N     1.44950
   167    168 B-N     1.45000
   168    225 B-N     1.44950
   168    227 B-N     1.44950
   169    170 B-N     1.45000
   170    227 B-N     1.44950
   170    229 B-N     1.44950
   171    172 B-N     1.45000
   172    229 B-N     1.44950
   172    231 B-N     1.44950
   173    174 B-N     1.45000
   174    231 B-N     1.44950
   174    233 B-N     1.44950
   175    176 B-N     1.45000
   176    233 B-N     1.44950
   176    235 B-N     1.44950
   177    178 B-N     1.45000
   178    235 B-N     1.44950
   178    237 B-N     1.44950
   179    180 B-N     1.45000
   180    237 B-N     1.44950
   180    239 B-N     1.44950
   181    182 B-N     1.45000
   182    241 B-N     1.44950
   182    299 B-N     1.44950
   183    184 B-N     1.45000
   184    241 B-N     1.44950
   184    243 B-N     1.44950
   185    186 B-N     1.45000
   186    243 B-N     1.44950
   186    245 B-N     1.44950
   187    188 B-N     1.45000
   188    245 B-N     1.44950
   188    247 B-N     1.44950
   189    190 B-N     1.45000
   190    247 B-N     1.44950
   190    249 B-N     1.44950
   191    192 B-N     1.45000
   192    249 B-N     1.44950
   192    251 B-N     1.44950
   193    194 B-N     1.45000
   194    251 B-N     1.44950
   194    253 B-N     1.44950
   195    196 B-N     1.45000
   196    253 B-N     1.44950
   196    255 B-N     1.44950
   197    198 B-N     1.45000
   198    255 B-N     1.44950
   198    257 B-N     1.44950
   199    200 B-N     1.45000
   200    257 B-N     1.44950
   200    259 B-N     1.44950
   201    202 B-N     1.45000
   202    259 B-N     1.44950
   202    261 B-N     1.44950
   203    204 B-N     1.45000
   204    261 B-N     1.44950
   204    263 B-N     1.44950
   205    206 B-N     1.45000
   206    263 B-N     1.44950
   206    265 B-N     1.44950
   207    208 B-N     1.45000
   208    265 B-N     1.44950
   208    267 B-N     1.44950
   209    210 B-N     1.45000
   210    267 B-N     1.44950
   210    269 B-N     1.44950
   211    212 B-N     1.45000
   212    269 B-N     1.44950
   212    271 B-N     1.44950
   213    214 B-N     1.45000
   214    271 B-N     1.44950
   214    273 B-N     1.44950
   215    216 B-N     1.45000
   216    273 B-N     1.44950
   216    275 B-N     1.44950
   217    218 B-N     1.45000
   218    275 B-N     1.44950
   218    277 B-N     1.44950
   219    220 B-N     1.45000
   220    277 B-N     1.44950
   220    279 B-N     1.44950
   221    222 B-N     1.45000
   222    279 B-N     1.44950
   222    281 B-N     1.44950
   223    224 B-N     1.45000
   224    281 B-N     1.44950
   224    283 B-N     1.44950
   225    226 B-N     1.45000
   226    283 B-N     1.44950
   226    285 B-N     1.44950
   227    228 B-N     1.45000
   228    285 B-N     1.44950
   228    287 B-N     1.44950
   229    230 B-N     1.45000
   230    287 B-N     1.44950
   230    289 B-N     1.44950
   231    232 B-N     1.45000
   232    289 B-N     1.44950
   232    291 B-N     1.44950
   233    234 B-N     1.45000
   234    291 B-N     1.44950
   234    293 B-N     1.44950
   235    236 B-N     1.45000
   236    293 B-N     1.44950
   236    295 B-N     1.44950
   237    238 B-N     1.45000
   238    295 B-N     1.44950
   238    297 B-N     1.44950
   239    240 B-N     1.45000
   240    297 B-N     1.44950
   240    299 B-N     1.44950
   241    242 B-N     1.45000
   242    301 B-N     1.44950
   242    359 B-N     1.44950
   243    244 B-N     1.45000
   244    301 B-N     1.44950
   244    303 B-N     1.44950
   245    246 B-N     1.45000
   246    303 B-N     1.44950
   246    305 B-N     1.44950
   247    248 B-N     1.45000
   248    305 B-N     1.44950
   248    307 B-N     1.44950
   249    250 B-N     1.45000
   250    307 B-N     1.44950
   250    309 B-N     1.44950
   251    252 B-N     1.45000
   252    309 B-N     1.44950
   252    311 B-N     1.44950
   253    254 B-N     1.45000
   254    311 B-N     1.44950
   254    313 B-N     1.44950
   255    256 B-N     1.45000
   256    313 B-N     1.44950
   256    315 B-N     1.44950
   257    258 B-N     1.45000
   258    315 B-N     1.44950
   258    317 B-N     1.44950
   259    260 B-N     1.45000
   260    317 B-N     1.44950
   260    319 B-N     1.44950
   261    262 B-N     1.45000
   262    319 B-N     1.44950
   262    321 B-N     1.44950
   263    264 B-N     1.45000
   264    321 B-N     1.44950
   264    323 B-N     1.44950
   265    266 B-N     1.45000
   266    323 B-N     1.44950
   266    325 B-N     1.44950
   267    268 B-N     1.45000
   268    325 B-N     1.44950
   268    327 B-N     1.44950
   269    270 B-N     1.45000
   270    327 B-N     1.44950
   270    329 B-N     1.44950
   271    272 B-N     1.45000
   272    329 B-N     1.44950
   272    331 B-N     1.44950
   273    274 B-N     1.45000
   274    331 B-N     1.44950
   274    333 B-N     1.44950
   275    276 B-N     1.45000
   276    333 B-N     1.44950
   276    335 B-N     1.44950
   277    278 B-N     1.45000
   278    335 B-N     1.44950
   278    337 B-N     1.44950
   279    280 B-N     1.45000
   280    337 B-N     1.44950
   280    339 B-N     1.44950
   281    282 B-N     1.45000
   282    339 B-N     1.44950
   282    341 B-N     1.44950
   283    284 B-N     1.45000
   284    341 B-N     1.44950
   284    343 B-N     1.44950
   285    286 B-N     1.45000
   286    343 B-N     1.44950
   286    345 B-N     1.44950
   287    288 B-N     1.45000
   288    345 B-N     1.44950
   288    347 B-N     1.44950
   289    290 B-N     1.45000
   290    347 B-N     1.44950
   290    349 B-N     1.44950
   291    292 B-N     1.45000
   292    349 B-N     1.44950
   292    351 B-N     1.44950
   293    294 B-N     1.45000
   294    351 B-N     1.44950
   294    353 B-N     1.44950
   295    296 B-N     1.45000
   296    353 B-N     1.44950
   296    355 B-N     1.44950
   297    298 B-N     1.45000
   298    355 B-N     1.44950
   298    357 B-N     1.44950
   299    300 B-N     1.45000
   300    357 B-N     1.44950
   300    359 B-N     1.44950
   301    302 B-N     1.45000
   302    361 B-N     1.44950
   302    419 B-N     1.44950
   303    304 B-N     1.45000
   304    361 B-N     1.44950
   304    363 B-N     1.44950
   305    306 B-N     1.45000
   306    363 B-N     1.44950
   306    365 B-N     1.44950
   307    308 B-N     1.45000
   308    365 B-N     1.44950
   308    367 B-N     1.44950
   309    310 B-N     1.45000
   310    367 B-N     1.44950
   310    369 B-N     1.44950
   311    312 B-N     1.45000
   312    369 B-N     1.44950
   312    371 B-N     1.44950
   313    314 B-N     1.45000
   314    371 B-N     1.44950
   314    373 B-N     1.44950
   315    316 B-N     1.45000
   316    373 B-N     1.44950
   316    375 B-N     1.44950
   317    318 B-N     1.45000
   318    375 B-N     1.44950
   318    377 B-N     1.44950
   319    320 B-N     1.45000
   320    377 B-N     1.44950
   320    379 B-N     1.44950
   321    322 B-N     1.45000
   322    379 B-N     1.44950
   322    381 B-N     1.44950
   323    324 B-N     1.45000
   324    381 B-N     1.44950
   324    383 B-N     1.44950
   325    326 B-N     1.45000
   326    383 B-N     1.44950
   326    385 B-N     1.44950
   327    328 B-N     1.45000
   328    385 B-N     1.44950
   328    387 B-N     1.44950
   329    330 B-N     1.45000
   330    387 B-N     1.44950
   330    389 B-N     1.44950
   331    332 B-N     1.45000
   332    389 B-N     1.44950
   332    391 B-N     1.44950
   333    334 B-N     1.45000
   334    391 B-N     1.44950
   334    393 B-N     1.44950
   335    336 B-N     1.45000
   336    393 B-N     1.44950
   336    395 B-N     1.44950
   337    338 B-N     1.45000
   338    395 B-N     1.44950
   338    397 B-N     1.44950
   339    340 B-N     1.45000
   340    397 B-N     1.44950
   340    399 B-N     1.44950
   341    342 B-N     1.45000
   342    399 B-N     1.44950
   342    401 B-N     1.44950
   343    344 B-N     1.45000
   344    401 B-N     1.44950
   344    403 B-N     1.44950
   345    346 B-N     1.45000
   346    403 B-N     1.44950
   346    405 B-N     1.44950
   347    348 B-N     1.45000
   348    405 B-N     1.44950
   348    407 B-N     1.44950
   349    350 B-N     1.45000
   350    407 B-N     1.44950
   350    409 B-N     1.44950
   351    352 B-N     1.45000
   352    409 B-N     1.44950
   352    411 B-N     1.44950
   353    354 B-N     1.45000
   354    411 B-N     1.44950
   354    413 B-N     1.44950
   355    356 B-N     1.45000
   356    413 B-N     1.44950
   356    415 B-N     1.44950
   357    358 B-N     1.45000
   358    415 B-N     1.44950
   358    417 B-N     1.44950
   359    360 B-N     1.45000
   360    417 B-N     1.44950
   360    419 B-N     1.44950
   361    362 B-N     1.45000
   362    421 B-N     1.44950
   362    479 B-N     1.44950
   363    364 B-N     1.45000
   364    421 B-N     1.44950
   364    423 B-N     1.44950
   365    366 B-N     1.45000
   366    423 B-N     1.44950
   366    425 B-N     1.44950
   367    368 B-N     1.45000
   368    425 B-N     1.44950
   368    427 B-N     1.44950
   369    370 B-N     1.45000
   370    427 B-N     1.44950
   370    429 B-N     1.44950
   371    372 B-N     1.45000
   372    429 B-N     1.44950
   372    431 B-N     1.44950
   373    374 B-N     1.45000
   374    431 B-N     1.44950
   374    433 B-N     1.44950
   375    376 B-N     1.45000
   376    433 B-N     1.44950
   376    435 B-N     1.44950
   377    378 B-N     1.45000
   378    435 B-N     1.44950
   378    437 B-N     1.44950
   379    380 B-N     1.45000
   380    437 B-N     1.44950
   380    439 B-N     1.44950
   381    382 B-N     1.45000
   382    439 B-N     1.44950
   382    441 B-N     1.44950
   383    384 B-N     1.45000
   384    441 B-N     1.44950
   384    443 B-N     1.44950
   385    386 B-N     1.45000
   386    443 B-N     1.44950
   386    445 B-N     1.44950
   387    388 B-N     1.45000
   388    445 B-N     1.44950
   388    447 B-N     1.44950
   389    390 B-N     1.45000
   390    447 B-N     1.44950
   390    449 B-N     1.44950
   391    392 B-N     1.45000
   392    449 B-N     1.44950
   392    451 B-N     1.44950
   393    394 B-N     1.45000
   394    451 B-N     1.44950
   394    453 B-N     1.44950
   395    396 B-N     1.45000
   396    453 B-N     1.44950
   396    455 B-N     1.44950
   397    398 B-N     1.45000
   398    455 B-N     1.44950
   398    457 B-N     1.44950
   399    400 B-N     1.45000
   400    457 B-N     1.44950
   400    459 B-N     1.44950
   401    402 B-N     1.45000
   402    459 B-N     1.44950
   402    461 B-N     1.44950
   403    404 B-N     1.45000
   404    461 B-N     1.44950
   404    463 B-N     1.44950
   405    406 B-N     1.45000
   406    463 B-N     1.44950
   406    465 B-N     1.44950
   407    408 B-N     1.45000
   408    465 B-N     1.44950
   408    467 B-N     1.44950
   409    410 B-N     1.45000
   410    467 B-N     1.44950
   410    469 B-N     1.44950
   411    412 B-N     1.45000
   412    469 B-N     1.44950
   412    471 B-N     1.44950
   413    414 B-N     1.45000
   414    471 B-N     1.44950
   414    473 B-N     1.44950
   415    416 B-N     1.45000
   416    473 B-N     1.44950
   416    475 B-N     1.44950
   417    418 B-N     1.45000
   418    475 B-N     1.44950
   418    477 B-N     1.44950
   419    420 B-N     1.45000
   420    477 B-N     1.44950
   420    479 B-N     1.44950
   421    422 B-N     1.45000
   422    481 B-N     1.44950
   422    539 B-N     1.44950
   423    424 B-N     1.45000
   424    481 B-N     1.44950
   424    483 B-N     1.44950
   425    426 B-N     1.45000
   426    483 B-N     1.44950
   426    485 B-N     1.44950
   427    428 B-N     1.45000
   428    485 B-N     1.44950
   428    487 B-N     1.44950
   429    430 B-N     1.45000
   430    487 B-N     1.44950
   430    489 B-N     1.44950
   431    432 B-N     1.45000
   432    489 B-N     1.44950
   432    491 B-N     1.44950
   433    434 B-N     1.45000
   434    491 B-N     1.44950
   434    493 B-N     1.44950
   435    436 B-N     1.45000
   436    493 B-N     1.44950
   436    495 B-N     1.44950
   437    438 B-N     1.45000
   438    495 B-N     1.44950
   438    497 B-N     1.44950
   439    440 B-N     1.45000
   440    497 B-N     1.44950
   440    499 B-N     1.44950
   441    442 B-N     1.45000
   442    499 B-N     1.44950
   442    501 B-N     1.44950
   443    444 B-N     1.45000
   444    501 B-N     1.44950
   444    503 B-N     1.44950
   445    446 B-N     1.45000
   446    503 B-N     1.44950
   446    505 B-N     1.44950
   447    448 B-N     1.45000
   448    505 B-N     1.44950
   448    507 B-N     1.44950
   449    450 B-N     1.45000
   450    507 B-N     1.44950
   450    509 B-N     1.44950
   451    452 B-N     1.45000
   452    509 B-N     1.44950
   452    511 B-N     1.44950
   453    454 B-N     1.45000
   454    511 B-N     1.44950
   454    513 B-N     1.44950
   455    456 B-N     1.45000
   456    513 B-N     1.44950
   456    515 B-N     1.44950
   457    458 B-N     1.45000
   458    515 B-N     1.44950
   458    517 B-N     1.44950
   459    460 B-N     1.45000
   460    517 B-N     1.44950
   460    519 B-N     1.44950
   461    462 B-N     1.45000
   462    519 B-N     1.44950
   462    521 B-N     1.44950
   463    464 B-N     1.45000
   464    521 B-N     1.44950
   464    523 B-N     1.44950
   465    466 B-N     1.45000
   466    523 B-N     1.44950
   466    525 B-N     1.44950
   467    468 B-N     1.45000
   468    525 B-N     1.44950
   468    527 B-N     1.44950
   469    470 B-N     1.45000
   470    527 B-N     1.44950
   470    529 B-N     1.44950
   471    472 B-N     1.45000
   472    529 B-N     1.44950
   472    531 B-N     1.44950
   473    474 B-N     1.45000
   474    531 B-N     1.44950
   474    533 B-N     1.44950
   475    476 B-N     1.45000
   476    533 B-N     1.44950
   476    535 B-N     1.44950
   477    478 B-N     1.45000
   478    535 B-N     1.44950
   478    537 B-N     1.44950
   479    480 B-N     1.45000
   480    537 B-N     1.44950
   480    539 B-N     1.44950
   481    482 B-N     1.45000
   482    541 B-N     1.44950
   482    599 B-N     1.44950
   483    484 B-N     1.45000
   484    541 B-N     1.44950
   484    543 B-N     1.44950
   485    486 B-N     1.45000
   486    543 B-N     1.44950
   486    545 B-N     1.44950
   487    488 B-N     1.45000
   488    545 B-N     1.44950
   488    547 B-N     1.44950
   489    490 B-N     1.45000
   490    547 B-N     1.44950
   490    549 B-N     1.44950
   491    492 B-N     1.45000
   492    549 B-N     1.44950
   492    551 B-N     1.44950
   493    494 B-N     1.45000
   494    551 B-N     1.44950
   494    553 B-N     1.44950
   495    496 B-N     1.45000
   496    553 B-N     1.44950
   496    555 B-N     1.44950
   497    498 B-N     1.45000
   498    555 B-N     1.44950
   498    557 B-N     1.44950
   499    500 B-N     1.45000
   500    557 B-N     1.44950
   500    559 B-N     1.44950
   501    502 B-N     1.45000
   502    559 B-N     1.44950
   502    561 B-N     1.44950
   503    504 B-N     1.45000
   504    561 B-N     1.44950
   504    563 B-N     1.44950
   505    506 B-N     1.45000
   506    563 B-N     1.44950
   506    565 B-N     1.44950
   507    508 B-N     1.45000
   508    565 B-N     1.44950
   508    567 B-N     1.44950
   509    510 B-N     1.45000
   510    567 B-N     1.44950
   510    569 B-N     1.44950
   511    512 B-N     1.45000
   512    569 B-N     1.44950
   512    571 B-N     1.44950
   513    514 B-N     1.45000
   514    571 B-N     1.44950
   514    573 B-N     1.44950
   515    516 B-N     1.45000
   516    573 B-N     1.44950
   516    575 B-N     1.44950
   517    518 B-N     1.45000
   518    575 B-N     1.44950
   518    577 B-N     1.44950
   519    520 B-N     1.45000
   520    577 B-N     1.44950
   520    579 B-N     1.44950
   521    522 B-N     1.45000
   522    579 B-N     1.44950
   522    581 B-N     1.44950
   523    524 B-N     1.45000
   524    581 B-N     1.44950
   524    583 B-N     1.44950
   525    526 B-N     1.45000
   526    583 B-N     1.44950
   526    585 B-N     1.44950
   527    528 B-N     1.45000
   528    585 B-N     1.44950
   528    587 B-N     1.44950
   529    530 B-N     1.45000
   530    587 B-N     1.44950
   530    589 B-N     1.44950
   531    532 B-N     1.45000
   532    589 B-N     1.44950
   532    591 B-N     1.44950
   533    534 B-N     1.45000
   534    591 B-N     1.44950
   534    593 B-N     1.44950
   535    536 B-N     1.45000
   536    593 B-N     1.44950
   536    595 B-N     1.44950
   537    538 B-N     1.45000
   538    595 B-N     1.44950
   538    597 B-N     1.44950
   539    540 B-N     1.45000
   540    597 B-N     1.44950
   540    599 B-N     1.44950
   541    542 B-N     1.45000
   542    601 B-N     1.44950
   542    659 B-N     1.44950
   543    544 B-N     1.45000
   544    601 B-N     1.44950
   544    603 B-N     1.44950
   545    546 B-N     1.45000
   546    603 B-N     1.44950
   546    605 B-N     1.44950
   547    548 B-N     1.45000
   548    605 B-N     1.44950
   548    607 B-N     1.44950
   549    550 B-N     1.45000
   550    607 B-N     1.44950
   550    609 B-N     1.44950
   551    552 B-N     1.45000
   552    609 B-N     1.44950
   552    611 B-N     1.44950
   553    554 B-N     1.45000
   554    611 B-N     1.44950
   554    613 B-N     1.44950
   555    556 B-N     1.45000
   556    613 B-N     1.44950
   556    615 B-N     1.44950
   557    558 B-N     1.45000
   558    615 B-N     1.44950
   558    617 B-N     1.44950
   559    560 B-N     1.45000
   560    617 B-N     1.44950
   560    619 B-N     1.44950
   561    562 B-N     1.45000
   562    619 B-N     1.44950
   562    621 B-N     1.44950
   563    564 B-N     1.45000
   564    621 B-N     1.44950
   564    623 B-N     1.44950
   565    566 B-N     1.45000
   566    623 B-N     1.44950
   566    625 B-N     1.44950
   567    568 B-N     1.45000
   568    625 B-N     1.44950
   568    627 B-N     1.44950
   569    570 B-N     1.45000
   570    627 B-N     1.44950
   570    629 B-N     1.44950
   571    572 B-N     1.45000
   572    629 B-N     1.44950
   572    631 B-N     1.44950
   573    574 B-N     1.45000
   574    631 B-N     1.44950
   574    633 B-N     1.44950
   575    576 B-N     1.45000
   576    633 B-N     1.44950
   576    635 B-N     1.44950
   577    578 B-N     1.45000
   578    635 B-N     1.44950
   578    637 B-N     1.44950
   579    580 B-N     1.45000
   580    637 B-N     1.44950
   580    639 B-N     1.44950
   581    582 B-N     1.45000
   582    639 B-N     1.44950
   582    641 B-N     1.44950
   583    584 B-N     1.45000
   584    641 B-N     1.44950
   584    643 B-N     1.44950
   585    586 B-N     1.45000
   586    643 B-N     1.44950
   586    645 B-N     1.44950
   587    588 B-N     1.45000
   588    645 B-N     1.44950
   588    647 B-N     1.44950
   589    590 B-N     1.45000
   590    647 B-N     1.44950
   590    649 B-N     1.44950
   591    592 B-N     1.45000
   592    649 B-N     1.44950
   592    651 B-N     1.44950
   593    594 B-N     1.45000
   594    651 B-N     1.44950
   594    653 B-N     1.44950
   595    596 B-N     1.45000
   596    653 B-N     1.44950
   596    655 B-N     1.44950
   597    598 B-N     1.45000
   598    655 B-N     1.44950
   598    657 B-N     1.44950
   599    600 B-N     1.45000
   600    657 B-N     1.44950
   600    659 B-N     1.44950
   601    602 B-N     1.45000
   602    661 B-N     1.44950
   602    719 B-N     1.44950
   603    604 B-N     1.45000
   604    661 B-N     1.44950
   604    663 B-N     1.44950
   605    606 B-N     1.45000
   606    663 B-N     1.44950
   606    665 B-N     1.44950
   607    608 B-N     1.45000
   608    665 B-N     1.44950
   608    667 B-N     1.44950
   609    610 B-N     1.45000
   610    667 B-N     1.44950
   610    669 B-N     1.44950
   611    612 B-N     1.45000
   612    669 B-N     1.44950
   612    671 B-N     1.44950
   613    614 B-N     1.45000
   614    671 B-N     1.44950
   614    673 B-N     1.44950
   615    616 B-N     1.45000
   616    673 B-N     1.44950
   616    675 B-N     1.44950
   617    618 B-N     1.45000
   618    675 B-N     1.44950
   618    677 B-N     1.44950
   619    620 B-N     1.45000
   620    677 B-N     1.44950
   620    679 B-N     1.44950
   621    622 B-N     1.45000
   622    679 B-N     1.44950
   622    681 B-N     1.44950
   623    624 B-N     1.45000
   624    681 B-N     1.44950
   624    683 B-N     1.44950
   625    626 B-N     1.45000
   626    683 B-N     1.44950
   626    685 B-N     1.44950
   627    628 B-N     1.45000
   628    685 B-N     1.44950
   628    687 B-N     1.44950
   629    630 B-N     1.45000
   630    687 B-N     1.44950
   630    689 B-N     1.44950
   631    632 B-N     1.45000
   632    689 B-N     1.44950
   632    691 B-N     1.44950
   633    634 B-N     1.45000
   634    691 B-N     1.44950
   634    693 B-N     1.44950
   635    636 B-N     1.45000
   636    693 B-N     1.44950
   636    695 B-N     1.44950
   637    638 B-N     1.45000
   638    695 B-N     1.44950
   638    697 B-N     1.44950
   639    640 B-N     1.45000
   640    697 B-N     1.44950
   640    699 B-N     1.44950
   641    642 B-N     1.45000
   642    699 B-N     1.44950
   642    701 B-N     1.44950
   643    644 B-N     1.45000
   644    701 B-N     1.44950
   644    703 B-N     1.44950
   645    646 B-N     1.45000
   646    703 B-N     1.44950
   646    705 B-N     1.44950
   647    648 B-N     1.45000
   648    705 B-N     1.44950
   648    707 B-N     1.44950
   649    650 B-N     1.45000
   650    707 B-N     1.44950
   650    709 B-N     1.44950
   651    652 B-N     1.45000
   652    709 B-N     1.44950
   652    711 B-N     1.44950
   653    654 B-N     1.45000
   654    711 B-N     1.44950
   654    713 B-N     1.44950
   655    656 B-N     1.45000
   656    713 B-N     1.44950
   656    715 B-N     1.44950
   657    658 B-N     1.45000
   658    715 B-N     1.44950
   658    717 B-N     1.44950
   659    660 B-N     1.45000
   660    717 B-N     1.44950
   660    719 B-N     1.44950
   661    662 B-N     1.45000
   662    721 B-N     1.44950
   662    779 B-N     1.44950
   663    664 B-N     1.45000
   664    721 B-N     1.44950
   664    723 B-N     1.44950
   665    666 B-N     1.45000
   666    723 B-N     1.44950
   666    725 B-N     1.44950
   667    668 B-N     1.45000
   668    725 B-N     1.44950
   668    727 B-N     1.44950
   669    670 B-N     1.45000
   670    727 B-N     1.44950
   670    729 B-N     1.44950
   671    672 B-N     1.45000
   672    729 B-N     1.44950
   672    731 B-N     1.44950
   673    674 B-N     1.45000
   674    731 B-N     1.44950
   674    733 B-N     1.44950
   675    676 B-N     1.45000
   676    733 B-N     1.44950
   676    735 B-N     1.44950
   677    678 B-N     1.45000
   678    735 B-N     1.44950
   678    737 B-N     1.44950
   679    680 B-N     1.45000
   680    737 B-N     1.44950
   680    739 B-N     1.44950
   681    682 B-N     1.45000
   682    739 B-N     1.44950
   682    741 B-N     1.44950
   683    684 B-N     1.45000
   684    741 B-N     1.44950
   684    743 B-N     1.44950
   685    686 B-N     1.45000
   686    743 B-N     1.44950
   686    745 B-N     1.44950
   687    688 B-N     1.45000
   688    745 B-N     1.44950
   688    747 B-N     1.44950
   689    690 B-N     1.45000
   690    747 B-N     1.44950
   690    749 B-N     1.44950
   691    692 B-N     1.45000
   692    749 B-N     1.44950
   692    751 B-N     1.44950
   693    694 B-N     1.45000
   694    751 B-N     1.44950
   694    753 B-N     1.44950
   695    696 B-N     1.45000
   696    753 B-N     1.44950
   696    755 B-N     1.44950
   697    698 B-N     1.45000
   698    755 B-N     1.44950
   698    757 B-N     1.44950
   699    700 B-N     1.45000
   700    757 B-N     1.44950
   700    759 B-N     1.44950
   701    702 B-N     1.45000
   702    759 B-N     1.44950
   702    761 B-N     1.44950
   703    704 B-N     1.45000
   704    761 B-N     1.44950
   704    763 B-N     1.44950
   705    706 B-N     1.45000
   706    763 B-N     1.44950
   706    765 B-N     1.44950
   707    708 B-N     1.45000
   708    765 B-N     1.44950
   708    767 B-N     1.44950
   709    710 B-N     1.45000
   710    767 B-N     1.44950
   710    769 B-N     1.44950
   711    712 B-N     1.45000
   712    769 B-N     1.44950
   712    771 B-N     1.44950
   713    714 B-N     1.45000
   714    771 B-N     1.44950
   714    773 B-N     1.44950
   715    716 B-N     1.45000
   716    773 B-N     1.44950
   716    775 B-N     1.44950
   717    718 B-N     1.45000
   718    775 B-N     1.44950
   718    777 B-N     1.44950
   719    720 B-N     1.45000
   720    777 B-N     1.44950
   720    779 B-N     1.44950
   721    722 B-N     1.45000
   722    781 B-N     1.44950
   722    839 B-N     1.44950
   723    724 B-N     1.45000
   724    781 B-N     1.44950
   724    783 B-N     1.44950
   725    726 B-N     1.45000
   726    783 B-N     1.44950
   726    785 B-N     1.44950
   727    728 B-N     1.45000
   728    785 B-N     1.44950
   728    787 B-N     1.44950
   729    730 B-N     1.45000
   730    787 B-N     1.44950
   730    789 B-N     1.44950
   731    732 B-N     1.45000
   732    789 B-N     1.44950
   732    791 B-N     1.44950
   733    734 B-N     1.45000
   734    791 B-N     1.44950
   734    793 B-N     1.44950
   735    736 B-N     1.45000
   736    793 B-N     1.44950
   736    795 B-N     1.44950
   737    738 B-N     1.45000
   738    795 B-N     1.44950
   738    797 B-N     1.44950
   739    740 B-N     1.45000
   740    797 B-N     1.44950
   740    799 B-N     1.44950
   741    742 B-N     1.45000
   742    799 B-N     1.44950
   742    801 B-N     1.44950
   743    744 B-N     1.45000
   744    801 B-N     1.44950
   744    803 B-N     1.44950
   745    746 B-N     1.45000
   746    803 B-N     1.44950
   746    805 B-N     1.44950
   747    748 B-N     1.45000
   748    805 B-N     1.44950
   748    807 B-N     1.44950
   749    750 B-N     1.45000
   750    807 B-N     1.44950
   750    809 B-N     1.44950
   751    752 B-N     1.45000
   752    809 B-N     1.44950
   752    811 B-N     1.44950
   753    754 B-N     1.45000
   754    811 B-N     1.44950
   754    813 B-N     1.44950
   755    756 B-N     1.45000
   756    813 B-N     1.44950
   756    815 B-N     1.44950
   757    758 B-N     1.45000
   758    815 B-N     1.44950
   758    817 B-N     1.44950
   759    760 B-N     1.45000
   760    817 B-N     1.44950
   760    819 B-N     1.44950
   761    762 B-N     1.45000
   762    819 B-N     1.44950
   762    821 B-N     1.44950
   763    764 B-N     1.45000
   764    821 B-N     1.44950
   764    823 B-N     1.44950
   765    766 B-N     1.45000
   766    823 B-N     1.44950
   766    825 B-N     1.44950
   767    768 B-N     1.45000
   768    825 B-N     1.44950
   768    827 B-N     1.44950
   769    770 B-N     1.45000
   770    827 B-N     1.44950
   770    829 B-N     1.44950
   771    772 B-N     1.45000
   772    829 B-N     1.44950
   772    831 B-N     1.44950
   773    774 B-N     1.45000
   774    831 B-N     1.44950
   774    833 B-N     1.44950
   775    776 B-N     1.45000
   776    833 B-N     1.44950
   776    835 B-N     1.44950
   777    778 B-N     1.45000
   778    835 B-N     1.44950
   778    837 B-N     1.44950
   779    780 B-N     1.45000
   780    837 B-N     1.44950
   780    839 B-N     1.44950
   781    782 B-N     1.45000
   782    841 B-N     1.44950
   782    899 B-N     1.44950
   783    784 B-N     1.45000
   784    841 B-N     1.44950
   784    843 B-N     1.44950
   785    786 B-N     1.45000
   786    843 B-N     1.44950
   786    845 B-N     1.44950
   787    788 B-N     1.45000
   788    845 B-N     1.44950
   788    847 B-N     1.44950
   789    790 B-N     1.45000
   790    847 B-N     1.44950
   790    849 B-N     1.44950
   791    792 B-N     1.45000
   792    849 B-N     1.44950
   792    851 B-N     1.44950
   793    794 B-N     1.45000
   794    851 B-N     1.44950
   794    853 B-N     1.44950
   795    796 B-N     1.45000
   796    853 B-N     1.44950
   796    855 B-N     1.44950
   797    798 B-N     1.45000
   798    855 B-N     1.44950
   798    857 B-N     1.44950
   799    800 B-N     1.45000
   800    857 B-N     1.44950
   800    859 B-N     1.44950
   801    802 B-N     1.45000
   802    859 B-N     1.44950
   802    861 B-N     1.44950
   803    804 B-N     1.45000
   804    861 B-N     1.44950
   804    863 B-N     1.44950
   805    806 B-N     1.45000
   806    863 B-N     1.44950
   806    865 B-N     1.44950
   807    808 B-N     1.45000
   808    865 B-N     1.44950
   808    867 B-N     1.44950
   809    810 B-N     1.45000
   810    867 B-N     1.44950
   810    869 B-N     1.44950
   811    812 B-N     1.45000
   812    869 B-N     1.44950
   812    871 B-N     1.44950
   813    814 B-N     1.45000
   814    871 B-N     1.44950
   814    873 B-N     1.44950
   815    816 B-N     1.45000
   816    873 B-N     1.44950
   816    875 B-N     1.44950
   817    818 B-N     1.45000
   818    875 B-N     1.44950
   818    877 B-N     1.44950
   819    820 B-N     1.45000
   820    877 B-N     1.44950
   820    879 B-N     1.44950
   821    822 B-N     1.45000
   822    879 B-N     1.44950
   822    881 B-N     1.44950
   823    824 B-N     1.45000
   824    881 B-N     1.44950
   824    883 B-N     1.44950
   825    826 B-N     1.45000
   826    883 B-N     1.44950
   826    885 B-N     1.44950
   827    828 B-N     1.45000
   828    885 B-N     1.44950
   828    887 B-N     1.44950
   829    830 B-N     1.45000
   830    887 B-N     1.44950
   830    889 B-N     1.44950
   831    832 B-N     1.45000
   832    889 B-N     1.44950
   832    891 B-N     1.44950
   833    834 B-N     1.45000
   834    891 B-N     1.44950
   834    893 B-N     1.44950
   835    836 B-N     1.45000
   836    893 B-N     1.44950
   836    895 B-N     1.44950
   837    838 B-N     1.45000
   838    895 B-N     1.44950
   838    897 B-N     1.44950
   839    840 B-N     1.45000
   840    897 B-N     1.44950
   840    899 B-N     1.44950
   841    842 B-N     1.45000
   842    901 B-N     1.44950
   842    959 B-N     1.44950
   843    844 B-N     1.45000
   844    901 B-N     1.44950
   844    903 B-N     1.44950
   845    846 B-N     1.45000
   846    903 B-N     1.44950
   846    905 B-N     1.44950
   847    848 B-N     1.45000
   848    905 B-N     1.44950
   848    907 B-N     1.44950
   849    850 B-N     1.45000
   850    907 B-N     1.44950
   850    909 B-N     1.44950
   851    852 B-N     1.45000
   852    909 B-N     1.44950
   852    911 B-N     1.44950
   853    854 B-N     1.45000
   854    911 B-N     1.44950
   854    913 B-N     1.44950
   855    856 B-N     1.45000
   856    913 B-N     1.44950
   856    915 B-N     1.44950
   857    858 B-N     1.45000
   858    915 B-N     1.44950
   858    917 B-N     1.44950
   859    860 B-N     1.45000
   860    917 B-N     1.44950
   860    919 B-N     1.44950
   861    862 B-N     1.45000
   862    919 B-N     1.44950
   862    921 B-N     1.44950
   863    864 B-N     1.45000
   864    921 B-N     1.44950
   864    923 B-N     1.44950
   865    866 B-N     1.45000
   866    923 B-N     1.44950
   866    925 B-N     1.44950
   867    868 B-N     1.45000
   868    925 B-N     1.44950
   868    927 B-N     1.44950
   869    870 B-N     1.45000
   870    927 B-N     1.44950
   870    929 B-N     1.44950
   871    872 B-N     1.45000
   872    929 B-N     1.44950
   872    931 B-N     1.44950
   873    874 B-N     1.45000
   874    931 B-N     1.44950
   874    933 B-N     1.44950
   875    876 B-N     1.45000
   876    933 B-N     1.44950
   876    935 B-N     1.44950
   877    878 B-N     1.45000
   878    935 B-N     1.44950
   878    937 B-N     1.44950
   879    880 B-N     1.45000
   880    937 B-N     1.44950
   880    939 B-N     1.44950
   881    882 B-N     1.45000
   882    939 B-N     1.44950
   882    941 B-N     1.44950
   883    884 B-N     1.45000
   884    941 B-N     1.44950
   884    943 B-N     1.44950
   885    886 B-N     1.45000
   886    943 B-N     1.44950
   886    945 B-N     1.44950
   887    888 B-N     1.45000
   888    945 B-N     1.44950
   888    947 B-N     1.44950
   889    890 B-N     1.45000
   890    947 B-N     1.44950
   890    949 B-N     1.44950
   891    892 B-N     1.45000
   892    949 B-N     1.44950
   892    951 B-N     1.44950
   893    894 B-N     1.45000
   894    951 B-N     1.44950
   894    953 B-N     1.44950
   895    896 B-N     1.45000
   896    953 B-N     1.44950
   896    955 B-N     1.44950
   897    898 B-N     1.45000
   898    955 B-N     1.44950
   898    957 B-N     1.44950
   899    900 B-N     1.45000
   900    957 B-N     1.44950
   900    959 B-N     1.44950
   901    902 B-N     1.45000
   902    961 B-N     1.44950
   902   1019 B-N     1.44950
   903    904 B-N     1.45000
   904    961 B-N     1.44950
   904    963 B-N     1.44950
   905    906 B-N     1.45000
   906    963 B-N     1.44950
   906    965 B-N     1.44950
   907    908 B-N     1.45000
   908    965 B-N     1.44950
   908    967 B-N     1.44950
   909    910 B-N     1.45000
   910    967 B-N     1.44950
   910    969 B-N     1.44950
   911    912 B-N     1.45000
   912    969 B-N     1.44950
   912    971 B-N     1.44950
   913    914 B-N     1.45000
   914    971 B-N     1.44950
   914    973 B-N     1.44950
   915    916 B-N     1.45000
   916    973 B-N     1.44950
   916    975 B-N     1.44950
   917    918 B-N     1.45000
   918    975 B-N     1.44950
   918    977 B-N     1.44950
   919    920 B-N     1.45000
   920    977 B-N     1.44950
   920    979 B-N     1.44950
   921    922 B-N     1.45000
   922    979 B-N     1.44950
   922    981 B-N     1.44950
   923    924 B-N     1.45000
   924    981 B-N     1.44950
   924    983 B-N     1.44950
   925    926 B-N     1.45000
   926    983 B-N     1.44950
   926    985 B-N     1.44950
   927    928 B-N     1.45000
   928    985 B-N     1.44950
   928    987 B-N     1.44950
   929    930 B-N     1.45000
   930    987 B-N     1.44950
   930    989 B-N     1.44950
   931    932 B-N     1.45000
   932    989 B-N     1.44950
   932    991 B-N     1.44950
   933    934 B-N     1.45000
   934    991 B-N     1.44950
   934    993 B-N     1.44950
   935    936 B-N     1.45000
   936    993 B-N     1.44950
   936    995 B-N     1.44950
   937    938 B-N     1.45000
   938    995 B-N     1.44950
   938    997 B-N     1.44950
   939    940 B-N     1.45000
   940    997 B-N     1.44950
   940    999 B-N     1.44950
   941    942 B-N     1.45000
   942    999 B-N     1.44950
   942   1001 B-N     1.44950
   943    944 B-N     1.45000
   944   1001 B-N     1.44950
   944   1003 B-N     1.44950
   945    946 B-N     1.45000
   946   1003 B-N     1.44950
   946   1005 B-N     1.44950
   947    948 B-N     1.45000
   948   1005 B-N     1.44950
   948   1007 B-N     1.44950
   949    950 B-N     1.45000
   950   1007 B-N     1.44950
   950   1009 B-N     1.44950
   951    952 B-N     1.45000
   952   1009 B-N     1.44950
   952   1011 B-N     1.44950
   953    954 B-N     1.45000
   954   1011 B-N     1.44950
   954   1013 B-N     1.44950
   955    956 B-N     1.45000
   956   1013 B-N     1.44950
   956   1015 B-N     1.44950
   957    958 B-N     1.45000
   958   1015 B-N     1.44950
   958   1017 B-N     1.44950
   959    960 B-N     1.45000
   960   1017 B-N     1.44950
   960   1019 B-N     1.44950
   961    962 B-N     1.45000
   962   1021 B-N     1.44950
   962   1079 B-N     1.44950
   963    964 B-N     1.45000
   964   1021 B-N     1.44950
   964   1023 B-N     1.44950
   965    966 B-N     1.45000
   966   1023 B-N     1.44950
   966   1025 B-N     1.44950
   967    968 B-N     1.45000
   968   1025 B-N     1.44950
   968   1027 B-N     1.44950
   969    970 B-N     1.45000
   970   1027 B-N     1.44950
   970   1029 B-N     1.44950
   971    972 B-N     1.45000
   972   1029 B-N     1.44950
   972   1031 B-N     1.44950
   973    974 B-N     1.45000
   974   1031 B-N     1.44950
   974   1033 B-N     1.44950
   975    976 B-N     1.45000
   976   1033 B-N     1.44950
   976   1035 B-N     1.44950
   977    978 B-N     1.45000
   978   1035 B-N     1.44950
   978   1037 B-N     1.44950
   979    980 B-N     1.45000
   980   1037 B-N     1.44950
   980   1039 B-N     1.44950
   981    982 B-N     1.45000
   982   1039 B-N     1.44950
   982   1041 B-N     1.44950
   983    984 B-N     1.45000
   984   1041 B-N     1.44950
   984   1043 B-N     1.44950
   985    986 B-N     1.45000
   986   1043 B-N     1.44950
   986   1045 B-N     1.44950
   987    988 B-N     1.45000
   988   1045 B-N     1.44950
   988   1047 B-N     1.44950
   989    990 B-N     1.45000
   990   1047 B-N     1.44950
   990   1049 B-N     1.44950
   991    992 B-N     1.45000
   992   1049 B-N     1.44950
   992   1051 B-N     1.44950
   993    994 B-N     1.45000
   994   1051 B-N     1.44950
   994   1053 B-N     1.44950
   995    996 B-N     1.45000
   996   1053 B-N     1.44950
   996   1055 B-N     1.44950
   997    998 B-N     1.45000
   998   1055 B-N     1.44950
   998   1057 B-N     1.44950
   999   1000 B-N     1.45000
  1000   1057 B-N     1.44950
  1000   1059 B-N     1.44950
  1001   1002 B-N     1.45000
  1002   1059 B-N     1.44950
  1002   1061 B-N     1.44950
  1003   1004 B-N     1.45000
  1004   1061 B-N     1.44950
  1004   1063 B-N     1.44950
  1005   1006 B-N     1.45000
  1006   1063 B-N     1.44950
  1006   1065 B-N     1.44950
  1007   1008 B-N     1.45000
  1008   1065 B-N     1.44950
  1008   1067 B-N     1.44950
  1009   1010 B-N     1.45000
  1010   1067 B-N     1.44950
  1010   1069 B-N     1.44950
  1011   1012 B-N     1.45000
  1012   1069 B-N     1.44950
  1012   1071 B-N     1.44950
  1013   1014 B-N     1.45000
  1014   1071 B-N     1.44950
  1014   1073 B-N     1.44950
  1015   1016 B-N     1.45000
  1016   1073 B-N     1.44950
  1016   1075 B-N     1.44950
  1017   1018 B-N     1.45000
  1018   1075 B-N     1.44950
  1018   1077 B-N     1.44950
  1019   1020 B-N     1.45000
  1020   1077 B-N     1.44950
  1020   1079 B-N     1.44950
  1021   1022 B-N     1.45000
  1022   1081 B-N     1.44950
  1022   1139 B-N     1.44950
  1023   1024 B-N     1.45000
  1024   1081 B-N     1.44950
  1024   1083 B-N     1.44950
  1025   1026 B-N     1.45000
  1026   1083 B-N     1.44950
  1026   1085 B-N     1.44950
  1027   1028 B-N     1.45000
  1028   1085 B-N     1.44950
  1028   1087 B-N     1.44950
  1029   1030 B-N     1.45000
  1030   1087 B-N     1.44950
  1030   1089 B-N     1.44950
  1031   1032 B-N     1.45000
  1032   1089 B-N     1.44950
  1032   1091 B-N     1.44950
  1033   1034 B-N     1.45000
  1034   1091 B-N     1.44950
  1034   1093 B-N     1.44950
  1035   1036 B-N     1.45000
  1036   1093 B-N     1.44950
  1036   1095 B-N     1.44950
  1037   1038 B-N     1.45000
  1038   1095 B-N     1.44950
  1038   1097 B-N     1.44950
  1039   1040 B-N     1.45000
  1040   1097 B-N     1.44950
  1040   1099 B-N     1.44950
  1041   1042 B-N     1.45000
  1042   1099 B-N     1.44950
  1042   1101 B-N     1.44950
  1043   1044 B-N     1.45000
  1044   1101 B-N     1.44950
  1044   1103 B-N     1.44950
  1045   1046 B-N     1.45000
  1046   1103 B-N     1.44950
  1046   1105 B-N     1.44950
  1047   1048 B-N     1.45000
  1048   1105 B-N     1.44950
  1048   1107 B-N     1.44950
  1049   1050 B-N     1.45000
  1050   1107 B-N     1.44950
  1050   1109 B-N     1.44950
  1051   1052 B-N     1.45000
  1052   1109 B-N     1.44950
  1052   1111 B-N     1.44950
  1053   1054 B-N     1.45000
  1054   1111 B-N     1.44950
  1054   1113 B-N     1.44950
  1055   1056 B-N     1.45000
  1056   1113 B-N     1.44950
  1056   1115 B-N     1.44950
  1057   1058 B-N     1.45000
  1058   1115 B-N     1.44950
  1058   1117 B-N     1.44950
  1059   1060 B-N     1.45000
  1060   1117 B-N     1.44950
  1060   1119 B-N     1.44950
  1061   1062 B-N     1.45000
  1062   1119 B-N     1.44950
  1062   1121 B-N     1.44950
  1063   1064 B-N     1.45000
  1064   1121 B-N     1.44950
  1064   1123 B-N     1.44950
  1065   1066 B-N     1.45000
  1066   1123 B-N     1.44950
  1066   1125 B-N     1.44950
  1067   1068 B-N     1.45000
  1068   1125 B-N     1.44950
  1068   1127 B-N     1.44950
  1069   1070 B-N     1.45000
  1070   1127 B-N     1.44950
  1070   1129 B-N     1.44950
  1071   1072 B-N     1.45000
  1072   1129 B-N     1.44950
  1072   1131 B-N     1.44950
  1073   1074 B-N     1.45000
  1074   1131 B-N     1.44950
  1074   1133 B-N     1.44950
  1075   1076 B-N     1.45000
  1076   1133 B-N     1.44950
  1076   1135 B-N     1.44950
  1077   1078 B-N     1.45000
  1078   1135 B-N     1.44950
  1078   1137 B-N     1.44950
  1079   1080 B-N     1.45000
  1080   1137 B-N     1.44950
  1080   1139 B-N     1.44950
  1081   1082 B-N     1.45000
  1082   1141 B-N     1.44950
  1082   1199 B-N     1.44950
  1083   1084 B-N     1.45000
  1084   1141 B-N     1.44950
  1084   1143 B-N     1.44950
  1085   1086 B-N     1.45000
  1086   1143 B-N     1.44950
  1086   1145 B-N     1.44950
  1087   1088 B-N     1.45000
  1088   1145 B-N     1.44950
  1088   1147 B-N     1.44950
  1089   1090 B-N     1.45000
  1090   1147 B-N     1.44950
  1090   1149 B-N     1.44950
  1091   1092 B-N     1.45000
  1092   1149 B-N     1.44950
  1092   1151 B-N     1.44950
  1093   1094 B-N     1.45000
  1094   1151 B-N     1.44950
  1094   1153 B-N     1.44950
  1095   1096 B-N     1.45000
  1096   1153 B-N     1.44950
  1096   1155 B-N     1.44950
  1097   1098 B-N     1.45000
  1098   1155 B-N     1.44950
  1098   1157 B-N     1.44950
  1099   1100 B-N     1.45000
  1100   1157 B-N     1.44950
  1100   1159 B-N     1.44950
  1101   1102 B-N     1.45000
  1102   1159 B-N     1.44950
  1102   1161 B-N     1.44950
  1103   1104 B-N     1.45000
  1104   1161 B-N     1.44950
  1104   1163 B-N     1.44950
  1105   1106 B-N     1.45000
  1106   1163 B-N     1.44950
  1106   1165 B-N     1.44950
  1107   1108 B-N     1.45000
  1108   1165 B-N     1.44950
  1108   1167 B-N     1.44950
  1109   1110 B-N     1.45000
  1110   1167 B-N     1.44950
  1110   1169 B-N     1.44950
  1111   1112 B-N     1.45000
  1112   1169 B-N     1.44950
  1112   1171 B-N     1.44950
  1113   1114 B-N     1.45000
  1114   1171 B-N     1.44950
  1114   1173 B-N     1.44950
  1115   1116 B-N     1.45000
  1116   1173 B-N     1.44950
  1116   1175 B-N     1.44950
  1117   1118 B-N     1.45000
  1118   1175 B-N     1.44950
  1118   1177 B-N     1.44950
  1119   1120 B-N     1.45000
  1120   1177 B-N     1.44950
  1120   1179 B-N     1.44950
  1121   1122 B-N     1.45000
  1122   1179 B-N     1.44950
  1122   1181 B-N     1.44950
  1123   1124 B-N     1.45000
  1124   1181 B-N     1.44950
  1124   1183 B-N     1.44950
  1125   1126 B-N     1.45000
  1126   1183 B-N     1.44950
  1126   1185 B-N     1.44950
  1127   1128 B-N     1.45000
  1128   1185 B-N     1.44950
  1128   1187 B-N     1.44950
  1129   1130 B-N     1.45000
  1130   1187 B-N     1.44950
  1130   1189 B-N     1.44950
  1131   1132 B-N     1.45000
  1132   1189 B-N     1.44950
  1132   1191 B-N     1.44950
  1133   1134 B-N     1.45000
  1134   1191 B-N     1.44950
  1134   1193 B-N     1.44950
  1135   1136 B-N     1.45000
  1136   1193 B-N     1.44950
  1136   1195 B-N     1.44950
  1137   1138 B-N     1.45000
  1138   1195 B-N     1.44950
  1138   1197 B-N     1.44950
  1139   1140 B-N     1.45000
  1140   1197 B-N     1.44950
  1140   1199 B-N     1.44950
  1141   1142 B-N     1.45000
  1142   1201 B-N     1.44950
  1142   1259 B-N     1.44950
  1143   1144 B-N     1.45000
  1144   1201 B-N     1.44950
  1144   1203 B-N     1.44950
  1145   1146 B-N     1.45000
  1146   1203 B-N     1.44950
  1146   1205 B-N     1.44950
  1147   1148 B-N     1.45000
  1148   1205 B-N     1.44950
  1148   1207 B-N     1.44950
  1149   1150 B-N     1.45000
  1150   1207 B-N     1.44950
  1150   1209 B-N     1.44950
  1151   1152 B-N     1.45000
  1152   1209 B-N     1.44950
  1152   1211 B-N     1.44950
  1153   1154 B-N     1.45000
  1154   1211 B-N     1.44950
  1154   1213 B-N     1.44950
  1155   1156 B-N     1.45000
  1156   1213 B-N     1.44950
  1156   1215 B-N     1.44950
  1157   1158 B-N     1.45000
  1158   1215 B-N     1.44950
  1158   1217 B-N     1.44950
  1159   1160 B-N     1.45000
  1160   1217 B-N     1.44950
  1160   1219 B-N     1.44950
  1161   1162 B-N     1.45000
  1162   1219 B-N     1.44950
  1162   1221 B-N     1.44950
  1163   1164 B-N     1.45000
  1164   1221 B-N     1.44950
  1164   1223 B-N     1.44950
  1165   1166 B-N     1.45000
  1166   1223 B-N     1.44950
  1166   1225 B-N     1.44950
  1167   1168 B-N     1.45000
  1168   1225 B-N     1.44950
  1168   1227 B-N     1.44950
  1169   1170 B-N     1.45000
  1170   1227 B-N     1.44950
  1170   1229 B-N     1.44950
  1171   1172 B-N     1.45000
  1172   1229 B-N     1.44950
  1172   1231 B-N     1.44950
  1173   1174 B-N     1.45000
  1174   1231 B-N     1.44950
  1174   1233 B-N     1.44950
  1175   1176 B-N     1.45000
  1176   1233 B-N     1.44950
  1176   1235 B-N     1.44950
  1177   1178 B-N     1.45000
  1178   1235 B-N     1.44950
  1178   1237 B-N     1.44950
  1179   1180 B-N     1.45000
  1180   1237 B-N     1.44950
  1180   1239 B-N     1.44950
  1181   1182 B-N     1.45000
  1182   1239 B-N     1.44950
  1182   1241 B-N     1.44950
  1183   1184 B-N     1.45000
  1184   1241 B-N     1.44950
  1184   1243 B-N     1.44950
  1185   1186 B-N     1.45000
  1186   1243 B-N     1.44950
  1186   1245 B-N     1.44950
  1187   1188 B-N     1.45000
  1188   1245 B-N     1.44950
  1188   1247 B-N     1.44950
  1189   1190 B-N     1.45000
  1190   1247 B-N     1.44950
  1190   1249 B-N     1.44950
  1191   1192 B-N     1.45000
  1192   1249 B-N     1.44950
  1192   1251 B-N     1.44950
  1193   1194 B-N     1.45000
  1194   1251 B-N     1.44950
  1194   1253 B-N     1.44950
  1195   1196 B-N     1.45000
  1196   1253 B-N     1.44950
  1196   1255 B-N     1.44950
  1197   1198 B-N     1.45000
  1198   1255 B-N     1.44950
  1198   1257 B-N     1.44950
  1199   1200 B-N     1.45000
  1200   1257 B-N     1.44950
  1200   1259 B-N     1.44950
  1201   1202 B-N     1.45000
  1202   1261 B-N     1.44950
  1202   1319 B-N     1.44950
  1203   1204 B-N     1.45000
  1204   1261 B-N     1.44950
  1204   1263 B-N     1.44950
  1205   1206 B-N     1.45000
  1206   1263 B-N     1.44950
  1206   1265 B-N     1.44950
  1207   1208 B-N     1.45000
  1208   1265 B-N     1.44950
  1208   1267 B-N     1.44950
  1209   1210 B-N     1.45000
  1210   1267 B-N     1.44950
  1210   1269 B-N     1.44950
  1211   1212 B-N     1.45000
  1212   1269 B-N     1.44950
  1212   1271 B-N     1.44950
  1213   1214 B-N     1.45000
  1214   1271 B-N     1.44950
  1214   1273 B-N     1.44950
  1215   1216 B-N     1.45000
  1216   1273 B-N     1.44950
  1216   1275 B-N     1.44950
  1217   1218 B-N     1.45000
  1218   1275 B-N     1.44950
  1218   1277 B-N     1.44950
  1219   1220 B-N     1.45000
  1220   1277 B-N     1.44950
  1220   1279 B-N     1.44950
  1221   1222 B-N     1.45000
  1222   1279 B-N     1.44950
  1222   1281 B-N     1.44950
  1223   1224 B-N     1.45000
  1224   1281 B-N     1.44950
  1224   1283 B-N     1.44950
  1225   1226 B-N     1.45000
  1226   1283 B-N     1.44950
  1226   1285 B-N     1.44950
  1227   1228 B-N     1.45000
  1228   1285 B-N     1.44950
  1228   1287 B-N     1.44950
  1229   1230 B-N     1.45000
  1230   1287 B-N     1.44950
  1230   1289 B-N     1.44950
  1231   1232 B-N     1.45000
  1232   1289 B-N     1.44950
  1232   1291 B-N     1.44950
  1233   1234 B-N     1.45000
  1234   1291 B-N     1.44950
  1234   1293 B-N     1.44950
  1235   1236 B-N     1.45000
  1236   1293 B-N     1.44950
  1236   1295 B-N     1.44950
  1237   1238 B-N     1.45000
  1238   1295 B-N     1.44950
  1238   1297 B-N     1.44950
  1239   1240 B-N     1.45000
  1240   1297 B-N     1.44950
  1240   1299 B-N     1.44950
  1241   1242 B-N     1.45000
  1242   1299 B-N     1.44950
  1242   1301 B-N     1.44950
  1243   1244 B-N     1.45000
  1244   1301 B-N     1.44950
  1244   1303 B-N     1.44950
  1245   1246 B-N     1.45000
  1246   1303 B-N     1.44950
  1246   1305 B-N     1.44950
  1247   1248 B-N     1.45000
  1248   1305 B-N     1.44950
  1248   1307 B-N     1.44950
  1249   1250 B-N     1.45000
  1250   1307 B-N     1.44950
  1250   1309 B-N     1.44950
  1251   1252 B-N     1.45000
  1252   1309 B-N     1.44950
  1252   1311 B-N     1.44950
  1253   1254 B-N     1.45000
  1254   1311 B-N     1.44950
  1254   1313 B-N     1.44950
  1255   1256 B-N     1.45000
  1256   1313 B-N     1.44950
  1256   1315 B-N     1.44950
  1257   1258 B-N     1.45000
  1258   1315 B-N     1.44950
  1258   1317 B-N     1.44950
  1259   1260 B-N     1.45000
  1260   1317 B-N     1.44950
  1260   1319 B-N     1.44950
  1261   1262 B-N     1.45000
  1262   1321 B-N     1.44950
  1262   1379 B-N     1.44950
  1263   1264 B-N     1.45000
  1264   1321 B-N     1.44950
  1264   1323 B-N     1.44950
  1265   1266 B-N     1.45000
  1266   1323 B-N     1.44950
  1266   1325 B-N     1.44950
  1267   1268 B-N     1.45000
  1268   1325 B-N     1.44950
  1268   1327 B-N     1.44950
  1269   1270 B-N     1.45000
  1270   1327 B-N     1.44950
  1270   1329 B-N     1.44950
  1271   1272 B-N     1.45000
  1272   1329 B-N     1.44950
  1272   1331 B-N     1.44950
  1273   1274 B-N     1.45000
  1274   1331 B-N     1.44950
  1274   1333 B-N     1.44950
  1275   1276 B-N     1.45000
  1276   1333 B-N     1.44950
  1276   1335 B-N     1.44950
  1277   1278 B-N     1.45000
  1278   1335 B-N     1.44950
  1278   1337 B-N     1.44950
  1279   1280 B-N     1.45000
  1280   1337 B-N     1.44950
  1280   1339 B-N     1.44950
  1281   1282 B-N     1.45000
  1282   1339 B-N     1.44950
  1282   1341 B-N     1.44950
  1283   1284 B-N     1.45000
  1284   1341 B-N     1.44950
  1284   1343 B-N     1.44950
  1285   1286 B-N     1.45000
  1286   1343 B-N     1.44950
  1286   1345 B-N     1.44950
  1287   1288 B-N     1.45000
  1288   1345 B-N     1.44950
  1288   1347 B-N     1.44950
  1289   1290 B-N     1.45000
  1290   1347 B-N     1.44950
  1290   1349 B-N     1.44950
  1291   1292 B-N     1.45000
  1292   1349 B-N     1.44950
  1292   1351 B-N     1.44950
  1293   1294 B-N     1.45000
  1294   1351 B-N     1.44950
  1294   1353 B-N     1.44950
  1295   1296 B-N     1.45000
  1296   1353 B-N     1.44950
  1296   1355 B-N     1.44950
  1297   1298 B-N     1.45000
  1298   1355 B-N     1.44950
  1298   1357 B-N     1.44950
  1299   1300 B-N     1.45000
  1300   1357 B-N     1.44950
  1300   1359 B-N     1.44950
  1301   1302 B-N     1.45000
  1302   1359 B-N     1.44950
  1302   1361 B-N     1.44950
  1303   1304 B-N     1.45000
  1304   1361 B-N     1.44950
  1304   1363 B-N     1.44950
  1305   1306 B-N     1.45000
  1306   1363 B-N     1.44950
  1306   1365 B-N     1.44950
  1307   1308 B-N     1.45000
  1308   1365 B-N     1.44950
  1308   1367 B-N     1.44950
  1309   1310 B-N     1.45000
  1310   1367 B-N     1.44950
  1310   1369 B-N     1.44950
  1311   1312 B-N     1.45000
  1312   1369 B-N     1.44950
  1312   1371 B-N     1.44950
  1313   1314 B-N     1.45000
  1314   1371 B-N     1.44950
  1314   1373 B-N     1.44950
  1315   1316 B-N     1.45000
  1316   1373 B-N     1.44950
  1316   1375 B-N     1.44950
  1317   1318 B-N     1.45000
  1318   1375 B-N     1.44950
  1318   1377 B-N     1.44950
  1319   1320 B-N     1.45000
  1320   1377 B-N     1.44950
  1320   1379 B-N     1.44950
  1321   1322 B-N     1.45000
  1322   1381 B-N     1.44950
  1322   1439 B-N     1.44950
  1323   1324 B-N     1.45000
  1324   1381 B-N     1.44950
  1324   1383 B-N     1.44950
  1325   1326 B-N     1.45000
  1326   1383 B-N     1.44950
  1326   1385 B-N     1.44950
  1327   1328 B-N     1.45000
  1328   1385 B-N     1.44950
  1328   1387 B-N     1.44950
  1329   1330 B-N     1.45000
  1330   1387 B-N     1.44950
  1330   1389 B-N     1.44950
  1331   1332 B-N     1.45000
  1332   1389 B-N     1.44950
  1332   1391 B-N     1.44950
  1333   1334 B-N     1.45000
  1334   1391 B-N     1.44950
  1334   1393 B-N     1.44950
  1335   1336 B-N     1.45000
  1336   1393 B-N     1.44950
  1336   1395 B-N     1.44950
  1337   1338 B-N     1.45000
  1338   1395 B-N     1.44950
  1338   1397 B-N     1.44950
  1339   1340 B-N     1.45000
  1340   1397 B-N     1.44950
  1340   1399 B-N     1.44950
  1341   1342 B-N     1.45000
  1342   1399 B-N     1.44950
  1342   1401 B-N     1.44950
  1343   1344 B-N     1.45000
  1344   1401 B-N     1.44950
  1344   1403 B-N     1.44950
  1345   1346 B-N     1.45000
  1346   1403 B-N     1.44950
  1346   1405 B-N     1.44950
  1347   1348 B-N     1.45000
  1348   1405 B-N     1.44950
  1348   1407 B-N     1.44950
  1349   1350 B-N     1.45000
  1350   1407 B-N     1.44950
  1350   1409 B-N     1.44950
  1351   1352 B-N     1.45000
  1352   1409 B-N     1.44950
  1352   1411 B-N     1.44950
  1353   1354 B-N     1.45000
  1354   1411 B-N     1.44950
  1354   1413 B-N     1.44950
  1355   1356 B-N     1.45000
  1356   1413 B-N     1.44950
  1356   1415 B-N     1.44950
  1357   1358 B-N     1.45000
  1358   1415 B-N     1.44950
  1358   1417 B-N     1.44950
  1359   1360 B-N     1.45000
  1360   1417 B-N     1.44950
  1360   1419 B-N     1.44950
  1361   1362 B-N     1.45000
  1362   1419 B-N     1.44950
  1362   1421 B-N     1.44950
  1363   1364 B-N     1.45000
  1364   1421 B-N     1.44950
  1364   1423 B-N     1.44950
  1365   1366 B-N     1.45000
  1366   1423 B-N     1.44950
  1366   1425 B-N     1.44950
  1367   1368 B-N     1.45000
  1368   1425 B-N     1.44950
  1368   1427 B-N     1.44950
  1369   1370 B-N     1.45000
  1370   1427 B-N     1.44950
  1370   1429 B-N     1.44950
  1371   1372 B-N     1.45000
  1372   1429 B-N     1.44950
  1372   1431 B-N     1.44950
  1373   1374 B-N     1.45000
  1374   1431 B-N     1.44950
  1374   1433 B-N     1.44950
  1375   1376 B-N     1.45000
  1376   1433 B-N     1.44950
  1376   1435 B-N     1.44950
  1377   1378 B-N     1.45000
  1378   1435 B-N     1.44950
  1378   1437 B-N     1.44950
  1379   1380 B-N     1.45000
  1380   1437 B-N     1.44950
  1380   1439 B-N     1.44950
  1381   1382 B-N     1.45000
  1382   1441 B-N     1.44950
  1382   1499 B-N     1.44950
  1383   1384 B-N     1.45000
  1384   1441 B-N     1.44950
  1384   1443 B-N     1.44950
  1385   1386 B-N     1.45000
  1386   1443 B-N     1.44950
  1386   1445 B-N     1.44950
  1387   1388 B-N     1.45000
  1388   1445 B-N     1.44950
  1388   1447 B-N     1.44950
  1389   1390 B-N     1.45000
  1390   1447 B-N     1.44950
  1390   1449 B-N     1.44950
  1391   1392 B-N     1.45000
  1392   1449 B-N     1.44950
  1392   1451 B-N     1.44950
  1393   1394 B-N     1.45000
  1394   1451 B-N     1.44950
  1394   1453 B-N     1.44950
  1395   1396 B-N     1.45000
  1396   1453 B-N     1.44950
  1396   1455 B-N     1.44950
  1397   1398 B-N     1.45000
  1398   1455 B-N     1.44950
  1398   1457 B-N     1.44950
  1399   1400 B-N     1.45000
  1400   1457 B-N     1.44950
  1400   1459 B-N     1.44950
  1401   1402 B-N     1.45000
  1402   1459 B-N     1.44950
  1402   1461 B-N     1.44950
  1403   1404 B-N     1.45000
  1404   1461 B-N     1.44950
  1404   1463 B-N     1.44950
  1405   1406 B-N     1.45000
  1406   1463 B-N     1.44950
  1406   1465 B-N     1.44950
  1407   1408 B-N     1.45000
  1408   1465 B-N     1.44950
  1408   1467 B-N     1.44950
  1409   1410 B-N     1.45000
  1410   1467 B-N     1.44950
  1410   1469 B-N     1.44950
  1411   1412 B-N     1.45000
  1412   1469 B-N     1.44950
  1412   1471 B-N     1.44950
  1413   1414 B-N     1.45000
  1414   1471 B-N     1.44950
  1414   1473 B-N     1.44950
  1415   1416 B-N     1.45000
  1416   1473 B-N     1.44950
  1416   1475 B-N     1.44950
  1417   1418 B-N     1.45000
  1418   1475 B-N     1.44950
  1418   1477 B-N     1.44950
  1419   1420 B-N     1.45000
  1420   1477 B-N     1.44950
  1420   1479 B-N     1.44950
  1421   1422 B-N     1.45000
  1422   1479 B-N     1.44950
  1422   1481 B-N     1.44950
  1423   1424 B-N     1.45000
  1424   1481 B-N     1.44950
  1424   1483 B-N     1.44950
  1425   1426 B-N     1.45000
  1426   1483 B-N     1.44950
  1426   1485 B-N     1.44950
  1427   1428 B-N     1.45000
  1428   1485 B-N     1.44950
  1428   1487 B-N     1.44950
  1429   1430 B-N     1.45000
  1430   1487 B-N     1.44950
  1430   1489 B-N     1.44950
  1431   1432 B-N     1.45000
  1432   1489 B-N     1.44950
  1432   1491 B-N     1.44950
  1433   1434 B-N     1.45000
  1434   1491 B-N     1.44950
  1434   1493 B-N     1.44950
  1435   1436 B-N     1.45000
  1436   1493 B-N     1.44950
  1436   1495 B-N     1.44950
  1437   1438 B-N     1.45000
  1438   1495 B-N     1.44950
  1438   1497 B-N     1.44950
  1439   1440 B-N     1.45000
  1440   1497 B-N     1.44950
  1440   1499 B-N     1.44950
  1441   1442 B-N     1.45000
  1442   1501 B-N     1.44950
  1442   1559 B-N     1.44950
  1443   1444 B-N     1.45000
  1444   1501 B-N     1.44950
  1444   1503 B-N     1.44950
  1445   1446 B-N     1.45000
  1446   1503 B-N     1.44950
  1446   1505 B-N     1.44950
  1447   1448 B-N     1.45000
  1448   1505 B-N     1.44950
  1448   1507 B-N     1.44950
  1449   1450 B-N     1.45000
  1450   1507 B-N     1.44950
  1450   1509 B-N     1.44950
  1451   1452 B-N     1.45000
  1452   1509 B-N     1.44950
  1452   1511 B-N     1.44950
  1453   1454 B-N     1.45000
  1454   1511 B-N     1.44950
  1454   1513 B-N     1.44950
  1455   1456 B-N     1.45000
  1456   1513 B-N     1.44950
  1456   1515 B-N     1.44950
  1457   1458 B-N     1.45000
  1458   1515 B-N     1.44950
  1458   1517 B-N     1.44950
  1459   1460 B-N     1.45000
  1460   1517 B-N     1.44950
  1460   1519 B-N     1.44950
  1461   1462 B-N     1.45000
  1462   1519 B-N     1.44950
  1462   1521 B-N     1.44950
  1463   1464 B-N     1.45000
  1464   1521 B-N     1.44950
  1464   1523 B-N     1.44950
  1465   1466 B-N     1.45000
  1466   1523 B-N     1.44950
  1466   1525 B-N     1.44950
  1467   1468 B-N     1.45000
  1468   1525 B-N     1.44950
  1468   1527 B-N     1.44950
  1469   1470 B-N     1.45000
  1470   1527 B-N     1.44950
  1470   1529 B-N     1.44950
  1471   1472 B-N     1.45000
  1472   1529 B-N     1.44950
  1472   1531 B-N     1.44950
  1473   1474 B-N     1.45000
  1474   1531 B-N     1.44950
  1474   1533 B-N     1.44950
  1475   1476 B-N     1.45000
  1476   1533 B-N     1.44950
  1476   1535 B-N     1.44950
  1477   1478 B-N     1.45000
  1478   1535 B-N     1.44950
  1478   1537 B-N     1.44950
  1479   1480 B-N     1.45000
  1480   1537 B-N     1.44950
  1480   1539 B-N     1.44950
  1481   1482 B-N     1.45000
  1482   1539 B-N     1.44950
  1482   1541 B-N     1.44950
  1483   1484 B-N     1.45000
  1484   1541 B-N     1.44950
  1484   1543 B-N     1.44950
  1485   1486 B-N     1.45000
  1486   1543 B-N     1.44950
  1486   1545 B-N     1.44950
  1487   1488 B-N     1.45000
  1488   1545 B-N     1.44950
  1488   1547 B-N     1.44950
  1489   1490 B-N     1.45000
  1490   1547 B-N     1.44950
  1490   1549 B-N     1.44950
  1491   1492 B-N     1.45000
  1492   1549 B-N     1.44950
  1492   1551 B-N     1.44950
  1493   1494 B-N     1.45000
  1494   1551 B-N     1.44950
  1494   1553 B-N     1.44950
  1495   1496 B-N     1.45000
  1496   1553 B-N     1.44950
  1496   1555 B-N     1.44950
  1497   1498 B-N     1.45000
  1498   1555 B-N     1.44950
  1498   1557 B-N     1.44950
  1499   1500 B-N     1.45000
  1500   1557 B-N     1.44950
  1500   1559 B-N     1.44950
  1501   1502 B-N     1.45000
  1502   1561 B-N     1.44950
  1502   1619 B-N     1.44950
  1503   1504 B-N     1.45000
  1504   1561 B-N     1.44950
  1504   1563 B-N     1.44950
  1505   1506 B-N     1.45000
  1506   1563 B-N     1.44950
  1506   1565 B-N     1.44950
  1507   1508 B-N     1.45000
  1508   1565 B-N     1.44950
  1508   1567 B-N     1.44950
  1509   1510 B-N     1.45000
  1510   1567 B-N     1.44950
  1510   1569 B-N     1.44950
  1511   1512 B-N     1.45000
  1512   1569 B-N     1.44950
  1512   1571 B-N     1.44950
  1513   1514 B-N     1.45000
  1514   1571 B-N     1.44950
  1514   1573 B-N     1.44950
  1515   1516 B-N     1.45000
  1516   1573 B-N     1.44950
  1516   1575 B-N     1.44950
  1517   1518 B-N     1.45000
  1518   1575 B-N     1.44950
  1518   1577 B-N     1.44950
  1519   1520 B-N     1.45000
  1520   1577 B-N     1.44950
  1520   1579 B-N     1.44950
  1521   1522 B-N     1.45000
  1522   1579 B-N     1.44950
  1522   1581 B-N     1.44950
  1523   1524 B-N     1.45000
  1524   1581 B-N     1.44950
  1524   1583 B-N     1.44950
  1525   1526 B-N     1.45000
  1526   1583 B-N     1.44950
  1526   1585 B-N     1.44950
  1527   1528 B-N     1.45000
  1528   1585 B-N     1.44950
  1528   1587 B-N     1.44950
  1529   1530 B-N     1.45000
  1530   1587 B-N     1.44950
  1530   1589 B-N     1.44950
  1531   1532 B-N     1.45000
  1532   1589 B-N     1.44950
  1532   1591 B-N     1.44950
  1533   1534 B-N     1.45000
  1534   1591 B-N     1.44950
  1534   1593 B-N     1.44950
  1535   1536 B-N     1.45000
  1536   1593 B-N     1.44950
  1536   1595 B-N     1.44950
  1537   1538 B-N     1.45000
  1538   1595 B-N     1.44950
  1538   1597 B-N     1.44950
  1539   1540 B-N     1.45000
  1540   1597 B-N     1.44950
  1540   1599 B-N     1.44950
  1541   1542 B-N     1.45000
  1542   1599 B-N     1.44950
  1542   1601 B-N     1.44950
  1543   1544 B-N     1.45000
  1544   1601 B-N     1.44950
  1544   1603 B-N     1.44950
  1545   1546 B-N     1.45000
  1546   1603 B-N     1.44950
  1546   1605 B-N     1.44950
  1547   1548 B-N     1.45000
  1548   1605 B-N     1.44950
  1548   1607 B-N     1.44950
  1549   1550 B-N     1.45000
  1550   1607 B-N     1.44950
  1550   1609 B-N     1.44950
  1551   1552 B-N     1.45000
  1552   1609 B-N     1.44950
  1552   1611 B-N     1.44950
  1553   1554 B-N     1.45000
  1554   1611 B-N     1.44950
  1554   1613 B-N     1.44950
  1555   1556 B-N     1.45000
  1556   1613 B-N     1.44950
  1556   1615 B-N     1.44950
  1557   1558 B-N     1.45000
  1558   1615 B-N     1.44950
  1558   1617 B-N     1.44950
  1559   1560 B-N     1.45000
  1560   1617 B-N     1.44950
  1560   1619 B-N     1.44950
  1561   1562 B-N     1.45000
  1562   1621 B-N     1.44950
  1562   1679 B-N     1.44950
  1563   1564 B-N     1.45000
  1564   1621 B-N     1.44950
  1564   1623 B-N     1.44950
  1565   1566 B-N     1.45000
  1566   1623 B-N     1.44950
  1566   1625 B-N     1.44950
  1567   1568 B-N     1.45000
  1568   1625 B-N     1.44950
  1568   1627 B-N     1.44950
  1569   1570 B-N     1.45000
  1570   1627 B-N     1.44950
  1570   1629 B-N     1.44950
  1571   1572 B-N     1.45000
  1572   1629 B-N     1.44950
  1572   1631 B-N     1.44950
  1573   1574 B-N     1.45000
  1574   1631 B-N     1.44950
  1574   1633 B-N     1.44950
  1575   1576 B-N     1.45000
  1576   1633 B-N     1.44950
  1576   1635 B-N     1.44950
  1577   1578 B-N     1.45000
  1578   1635 B-N     1.44950
  1578   1637 B-N     1.44950
  1579   1580 B-N     1.45000
  1580   1637 B-N     1.44950
  1580   1639 B-N     1.44950
  1581   1582 B-N     1.45000
  1582   1639 B-N     1.44950
  1582   1641 B-N     1.44950
  1583   1584 B-N     1.45000
  1584   1641 B-N     1.44950
  1584   1643 B-N     1.44950
  1585   1586 B-N     1.45000
  1586   1643 B-N     1.44950
  1586   1645 B-N     1.44950
  1587   1588 B-N     1.45000
  1588   1645 B-N     1.44950
  1588   1647 B-N     1.44950
  1589   1590 B-N     1.45000
  1590   1647 B-N     1.44950
  1590   1649 B-N     1.44950
  1591   1592 B-N     1.45000
  1592   1649 B-N     1.44950
  1592   1651 B-N     1.44950
  1593   1594 B-N     1.45000
  1594   1651 B-N     1.44950
  1594   1653 B-N     1.44950
  1595   1596 B-N     1.45000
  1596   1653 B-N     1.44950
  1596   1655 B-N     1.44950
  1597   1598 B-N     1.45000
  1598   1655 B-N     1.44950
  1598   1657 B-N     1.44950
  1599   1600 B-N     1.45000
  1600   1657 B-N     1.44950
  1600   1659 B-N     1.44950
  1601   1602 B-N     1.45000
  1602   1659 B-N     1.44950
  1602   1661 B-N     1.44950
  1603   1604 B-N     1.45000
  1604   1661 B-N     1.44950
  1604   1663 B-N     1.44950
  1605   1606 B-N     1.45000
  1606   1663 B-N     1.44950
  1606   1665 B-N     1.44950
  1607   1608 B-N     1.45000
  1608   1665 B-N     1.44950
  1608   1667 B-N     1.44950
  1609   1610 B-N     1.45000
  1610   1667 B-N     1.44950
  1610   1669 B-N     1.44950
  1611   1612 B-N     1.45000
  1612   1669 B-N     1.44950
  1612   1671 B-N     1.44950
  1613   1614 B-N     1.45000
  1614   1671 B-N     1.44950
  1614   1673 B-N     1.44950
  1615   1616 B-N     1.45000
  1616   1673 B-N     1.44950
  1616   1675 B-N     1.44950
  1617   1618 B-N     1.45000
  1618   1675 B-N     1.44950
  1618   1677 B-N     1.44950
  1619   1620 B-N     1.45000
  1620   1677 B-N     1.44950
  1620   1679 B-N     1.44950
  1621   1622 B-N     1.45000
  1623   1624 B-N     1.45000
  1625   1626 B-N     1.45000
  1627   1628 B-N     1.45000
  1629   1630 B-N     1.45000
  1631   1632 B-N     1.45000
  1633   1634 B-N     1.45000
  1635   1636 B-N     1.45000
  1637   1638 B-N     1.45000
  1639   1640 B-N     1.45000
  1641   1642 B-N     1.45000
  1643   1644 B-N     1.45000
  1645   1646 B-N     1.45000
  1647   1648 B-N     1.45000
  1649   1650 B-N     1.45000
  1651   1652 B-N     1.45000
  1653   1654 B-N     1.45000
  1655   1656 B-N     1.45000
  1657   1658 B-N     1.45000
  1659   1660 B-N     1.45000
  1661   1662 B-N     1.45000
  1663   1664 B-N     1.45000
  1665   1666 B-N     1.45000
  1667   1668 B-N     1.45000
  1669   1670 B-N     1.45000
  1671   1672 B-N     1.45000
  1673   1674 B-N     1.45000
  1675   1676 B-N     1.45000
  1677   1678 B-N     1.45000
  1679   1680 B-N     1.45000
