Run semi-empirical minimization
 &qmmm
    qm_theory='AM1', grms_tol=0.0005,
 scfconv=1.d-10, ndiis_attempts=700,   qmcharge=0,
 /
   6     C       -3.4870       -0.0860       -0.3680 
   6    C1       -2.8250        1.1440       -0.3090 
   6    C2       -1.4310        1.1900       -0.1620 
   6    C3       -0.7530        2.4170       -0.1020 
   6    C4        0.6380        2.4510        0.0450 
   6    C5        1.3730        1.2590        0.1340 
   6    C6        2.7680        1.2830        0.2810 
   6    C7        3.4870        0.0860        0.3680 
   6    C8        2.8250       -1.1440        0.3090 
   6    C9        1.4310       -1.1900        0.1620 
   6   C10        0.7530       -2.4170        0.1020 
   6   C11       -0.6380       -2.4510       -0.0450 
   6   C12       -1.3730       -1.2590       -0.1340 
   6   C13       -2.7680       -1.2830       -0.2810 
   6   C14       -0.7010       -0.0170       -0.0740 
   6   C15        0.7010        0.0170        0.0740 
   1     H       -4.5630       -0.1130       -0.4810 
   1    H1       -3.4030        2.0590       -0.3780 
   1    H2       -1.2990        3.3500       -0.1680 
   1    H3        1.1400        3.4110        0.0890 
   1    H4        3.3020        2.2240        0.3290 
   1    H5        4.5630        0.1130        0.4810 
   1    H6        3.4030       -2.0590        0.3790 
   1    H7        1.2990       -3.3500        0.1680 
   1    H8       -1.1400       -3.4110       -0.0890 
   1    H9       -3.3020       -2.2240       -0.3290 

