# Day019 diagonal-only eight-state Hamiltonian, frame=004, time_ps=20.000000
# energy_zero: global minimum energy shifted to zero (E0=3.750000000 eV)
# basis: PYR2_alternate PYR2_bright PYR3_alternate PYR3_bright PYR4_alternate PYR4_bright PYR5_alternate PYR5_bright
0.265000000000 0.000000000000 0.000000000000 0.000000000000 0.000000000000 0.000000000000 0.000000000000 0.000000000000
0.000000000000 0.351000000000 0.000000000000 0.000000000000 0.000000000000 0.000000000000 0.000000000000 0.000000000000
0.000000000000 0.000000000000 0.264000000000 0.000000000000 0.000000000000 0.000000000000 0.000000000000 0.000000000000
0.000000000000 0.000000000000 0.000000000000 0.345000000000 0.000000000000 0.000000000000 0.000000000000 0.000000000000
0.000000000000 0.000000000000 0.000000000000 0.000000000000 0.274000000000 0.000000000000 0.000000000000 0.000000000000
0.000000000000 0.000000000000 0.000000000000 0.000000000000 0.000000000000 0.337000000000 0.000000000000 0.000000000000
0.000000000000 0.000000000000 0.000000000000 0.000000000000 0.000000000000 0.000000000000 0.065000000000 0.000000000000
0.000000000000 0.000000000000 0.000000000000 0.000000000000 0.000000000000 0.000000000000 0.000000000000 0.011000000000
